khewitt
10/31/1997 14:49:36
0
no
no


Inputs
Inputs
Page 
MG METALS GLOBAL VaR
Number of Portfolios
10 -175328 1 Curve
Portfolio
Row
Seasonal?
Use FwdFwd?
Number of Monthly Curves
10 -166138 4 Aluminium
1 1 1 0 0 Number of Weekly Curves
1 -156948 0 Copper
2 2 2 0 0 CorrMatrix Size
10 -147758 5 Lead
3 3 3 0 0 Number of Deal Months
79 -138568 16 Nickel
4 4 4 0 0 Number of Deal Weeks
5 -129378 21 Silver
5 5 5 0 0 Update the fields in bold
Evaluation Date
30-Jun-00 MG Metals Global Positions as of 19th July 2000
-120188 38 Tin
6 6 6 0 0 Then click button
TimeHorizon
1 First Forward month position is July
-110998 45 Zinc
7 7 7 0 0 NumberSimulations
5000 -101808 84 Gold
8 8 8 0 0 Percentile
5% -92618 118 Cocoa Beans
9 9 9 0 0 -83428 134 TC
10 10 10 0 0 Portfolio number
       VAR by pfolio
ValueCopy 19th July
ValueCopy 26th July
-74238 200 Dummy
11 10 10 0 0 Aluminium
1 -$392,105.6 -552,888 -392,106 -65048 225 Copper
2 -$1,852,876.4 -3,100,568 -1,852,876 -55858 227 Lead
3 -$386,068.3 -421,391 -386,068 -46668 242 Nickel
4 -$2,460,289.5 -2,568,544 -2,460,290 -37478 304 Silver
5 -$4,413.4 -11,554 -4,413 -28288 312 Tin
6 -$66,610.3 -64,903 -66,610 -19098 331 Zinc
7 -$372,337.2 -350,243 -372,337 -9908 311 Gold
8 -$119,256.7 -88,238 -119,257 -718 308 DO NOT RE_ESTABLISH LINKS
Cocoa Beans
9 -$57,967.3 -60,237 -57,967 8472 307 (TO POSITIONS LOOKUP SHEET)
TC
10 -$1,847.8 -1,248 -1,848 17662 283 PORTFOLIO 11
Total
-$4,170,652.9 -5,539,817 -4,170,653 26852 216 36042 200 45232 186 54422 160 63612 152 72802 108 81992 96 91182 77 100372 72 109562 52 118752 41 127942 39 137132 22 146322 13 155512 11 164702 11 173892 9 183082 3 192272 3 For each curve,
201462 4   choose seasonal flag to be 1 if the volatility curve has cycles
210652 3 219842 0 229032 2 238222 1 247412 1 256602 0 265792 1 274982 1 GET MG METALS VaR


PricesM
PricesM
Page 
ForwardDate
Price Aluminium
Price Copper
Price Lead
Price Nickel
Price Silver
Price Tin
Price Zinc
Price Gold
Price Cocoa Beans
Price TC
VOL Aluminium
VOL Copper
VOL Lead
VOL Nickel
VOL Silver
VOL Tin
VOL Zinc
VOL Gold
VOL Cocoa Beans
VOL TC
01-Jul-2000 1556.00
1841.00
464.00
7793
 4.99 5254.00
1144.75
 291.50 820  20.18 0.22 0.19 0.19 0.52 0.189 0.09 0.15 0.169 0.45 0.09 01-Aug-2000 1563.00
1849.00
468.25
7810
 5.00 5270.00
1149.00
 290.64 820  19.35 0.22 0.18 0.18 0.49 0.189 0.08 0.15 0.169 0.45 0.08 01-Sep-2000 1572.50
1860.75
471.75
7800
 5.02 5285.00
1158.00
 293.19 820  18.52 0.22 0.18 0.16 0.47 0.189 0.08 0.15 0.169 0.45 0.08 01-Oct-2000 1576.00
1868.50
471.75
7755
 5.04 5297.00
1160.75
 293.50 820  17.69 0.22 0.18 0.14 0.45 0.189 0.07 0.14 0.169 0.45 0.07 01-Nov-2000 1578.50
1874.00
476.50
7710
 5.04 5309.00
1162.00
 295.59 820  16.86 0.21 0.18 0.14 0.44 0.188 0.07 0.14 0.168 0.45 0.07 01-Dec-2000 1576.50
1877.00
478.50
7655
 5.04 5319.00
1163.00
 297.61 820  16.03 0.21 0.17 0.13 0.43 0.184 0.07 0.14 0.164 0.45 0.07 01-Jan-2001 1572.50
1875.75
479.75
7585
 5.04 5326.00
1161.50
 296.56 820  17.06 0.20 0.17 0.12 0.42 0.179 0.07 0.13 0.159 0.45 0.07 01-Feb-2001 1568.50
1874.50
481.00
7515
 5.04 5332.00
1160.00
 302.06 820  18.10 0.20 0.17 0.12 0.42 0.179 0.07 0.13 0.155 0.45 0.07 01-Mar-2001 1564.50
1873.25
482.00
7455
 5.04 5338.00
1158.50
 302.06 820  19.13 0.19 0.17 0.12 0.41 0.179 0.07 0.13 0.155 0.45 0.07 01-Apr-2001 1560.50
1872.00
483.00
7405
 5.04 5344.00
1157.00
 302.06 820  20.17 0.19 0.16 0.12 0.41 0.179 0.07 0.12 0.155 0.45 0.07 01-May-2001 1557.50
1870.75
483.00
7360
 5.04 5350.00
1155.25
 304.50 820  21.20 0.18 0.16 0.11 0.40 0.179 0.07 0.12 0.149 0.45 0.07 01-Jun-2001 1554.50
1869.50
485.00
7315
 5.04 5356.00
1153.50
 304.50 820  22.24 0.18 0.16 0.11 0.40 0.179 0.07 0.12 0.149 0.45 0.07 01-Jul-2001 1551.50
1868.25
486.00
7270
 5.04 5361.00
1151.75
 304.50 820  21.83 0.18 0.16 0.11 0.40 0.179 0.07 0.12 0.149 0.45 0.07 01-Aug-2001 1548.50
1867.00
487.00
7225
 5.04 5366.00
1150.00
 310.09 820  21.42 0.17 0.16 0.11 0.39 0.177 0.07 0.12 0.147 0.45 0.07 01-Sep-2001 1545.50
1866.00
487.75
7195
 5.04 5371.00
1148.25
 310.09 820  21.01 0.16 0.15 0.11 0.39 0.177 0.07 0.11 0.147 0.45 0.07 01-Oct-2001 1542.50
1865.00
487.75
7165
 5.04 5376.00
1146.50
 310.09 820  20.60 0.16 0.15 0.11 0.39 0.177 0.07 0.11 0.147 0.45 0.07 01-Nov-2001 1538.00
1863.00
487.75
7105
 5.04 5376.00
1143.00
 313.56 820  20.19 0.16 0.15 0.11 0.38 0.177 0.07 0.11 0.147 0.45 0.07 01-Dec-2001 1538.00
1863.00
487.75
7105
 5.04 5376.00
1143.00
 313.56 820  19.78 0.15 0.15 0.11 0.38 0.177 0.07 0.11 0.147 0.45 0.07 01-Jan-2002 1537.00
1862.00
487.75
7065
 5.04 5376.00
1141.00
 313.56 820  19.37 0.15 0.15 0.11 0.38 0.177 0.07 0.10 0.147 0.45 0.07 01-Feb-2002 1536.00
1861.00
487.75
7035
 5.04 5376.00
1139.00
 319.06 820  18.96 0.15 0.15 0.11 0.38 0.177 0.07 0.10 0.147 0.45 0.07 01-Mar-2002 1535.00
1860.00
487.75
7005
 5.04 5376.00
1137.25
 319.06 820  18.55 0.15 0.14 0.11 0.39 0.177 0.07 0.10 0.147 0.45 0.07 01-Apr-2002 1534.00
1859.00
487.75
6980
 5.04 5376.00
1135.50
 319.06 820  18.14 0.14 0.14 0.11 0.39 0.177 0.07 0.10 0.147 0.45 0.07 01-May-2002 1533.00
1858.00
487.75
6955
 5.04 5376.00
1133.75
 321.50 820  17.73 0.14 0.14 0.11 0.40 0.177 0.07 0.10 0.147 0.45 0.07 01-Jun-2002 1532.00
1857.00
487.75
6930
 5.04 5376.00
1132.00
 321.50 820  17.32 0.14 0.14 0.11 0.40 0.177 0.07 0.10 0.147 0.45 0.07 01-Jul-2002 1531.00
1856.00
487.75
6905
 5.04 5376.00
1130.25
 321.50 820  17.75 0.14 0.14 0.11 0.41 0.177 0.07 0.10 0.147 0.45 0.07 01-Aug-2002 1530.00
1855.00
487.75
6880
 5.04 5376.00
1128.50
 326.82 820  18.18 0.14 0.14 0.11 0.41 0.177 0.07 0.10 0.147 0.45 0.07 01-Sep-2002 1529.00
1854.00
487.75
6855
 5.04 5376.00
1126.75
 326.82 820  18.61 0.14 0.14 0.11 0.42 0.177 0.07 0.10 0.147 0.45 0.07 01-Oct-2002 1529.00
1854.00
487.75
6855
 5.04 5376.00
1126.75
 326.82 820  18.61 0.14 0.14 0.11 0.42 0.177 0.07 0.10 0.147 0.45 0.07 01-Nov-2002 1529.00
1854.00
487.75
6855
 5.04 5376.00
1126.75
 326.82 820  18.61 0.14 0.14 0.11 0.42 0.177 0.07 0.10 0.147 0.45 0.07 01-Dec-2002 1529.00
1854.00
487.75
6855
 5.04 5376.00
1126.75
 326.82 820  18.61 0.14 0.14 0.11 0.42 0.177 0.07 0.10 0.147 0.45 0.07 01-Jan-2003 1529.00
1854.00
487.75
6855
 5.04 5376.00
1126.75
 326.82 820  18.61 0.14 0.14 0.11 0.42 0.177 0.07 0.10 0.147 0.45 0.07 01-Feb-2003 1529.00
1854.00
487.75
6855
 5.04 5376.00
1126.75
 326.82 820  18.61 0.14 0.14 0.11 0.42 0.177 0.07 0.10 0.147 0.45 0.07 01-Mar-2003 1529.00
1854.00
487.75
6855
 5.04 5376.00
1126.75
 326.82 820  18.61 0.14 0.14 0.11 0.42 0.177 0.07 0.10 0.147 0.45 0.07 01-Apr-2003 1529.00
1854.00
487.75
6855
 5.04 5376.00
1126.75
 326.82 820  18.61 0.14 0.14 0.11 0.42 0.177 0.07 0.10 0.147 0.45 0.07 01-May-2003 1529.00
1854.00
487.75
6855
 5.04 5376.00
1126.75
 326.82 820  18.61 0.14 0.14 0.11 0.42 0.177 0.07 0.10 0.147 0.45 0.07 01-Jun-2003 1529.00
1854.00
487.75
6855
 5.04 5376.00
1126.75
 326.82 820  18.61 0.14 0.14 0.11 0.42 0.177 0.07 0.10 0.147 0.45 0.07 01-Jul-2003 1529.00
1854.00
487.75
6855
 5.04 5376.00
1126.75
 326.82 820  18.61 0.14 0.14 0.11 0.42 0.177 0.07 0.10 0.147 0.45 0.07 01-Aug-2003 1529.00
1854.00
487.75
6855
 5.04 5376.00
1126.75
 326.82 820  18.61 0.14 0.14 0.11 0.42 0.177 0.07 0.10 0.147 0.45 0.07 01-Sep-2003 1529.00
1854.00
487.75
6855
 5.04 5376.00
1126.75
 326.82 820  18.61 0.14 0.14 0.11 0.42 0.177 0.07 0.10 0.147 0.45 0.07 01-Oct-2003 1529.00
1854.00
487.75
6855
 5.04 5376.00
1126.75
 326.82 820  18.61 0.14 0.14 0.11 0.42 0.177 0.07 0.10 0.147 0.45 0.07 01-Nov-2003 1529.00
1854.00
487.75
6855
 5.04 5376.00
1126.75
 326.82 820  18.61 0.14 0.14 0.11 0.42 0.177 0.07 0.10 0.147 0.45 0.07 01-Dec-2003 1529.00
1854.00
487.75
6855
 5.04 5376.00
1126.75
 326.82 820  18.61 0.14 0.14 0.11 0.42 0.177 0.07 0.10 0.147 0.45 0.07 01-Jan-2004 1529.00
1854.00
487.75
6855
 5.04 5376.00
1126.75
 326.82 820  18.61 0.14 0.14 0.11 0.42 0.177 0.07 0.10 0.147 0.45 0.07 01-Feb-2004 1529.00
1854.00
487.75
6855
 5.04 5376.00
1126.75
 326.82 820  18.61 0.14 0.14 0.11 0.42 0.177 0.07 0.10 0.147 0.45 0.07 01-Mar-2004 1529.00
1854.00
487.75
6855
 5.04 5376.00
1126.75
 326.82 820  18.61 0.14 0.14 0.11 0.42 0.177 0.07 0.10 0.147 0.45 0.07 01-Apr-2004 1529.00
1854.00
487.75
6855
 5.04 5376.00
1126.75
 326.82 820  18.61 0.14 0.14 0.11 0.42 0.177 0.07 0.10 0.147 0.45 0.07 01-May-2004 1529.00
1854.00
487.75
6855
 5.04 5376.00
1126.75
 326.82 820  18.61 0.14 0.14 0.11 0.42 0.177 0.07 0.10 0.147 0.45 0.07 01-Jun-2004 1529.00
1854.00
487.75
6855
 5.04 5376.00
1126.75
 326.82 820  18.61 0.14 0.14 0.11 0.42 0.177 0.07 0.10 0.147 0.45 0.07 01-Jul-2004 1529.00
1854.00
487.75
6855
 5.04 5376.00
1126.75
 326.82 820  18.61 0.14 0.14 0.11 0.42 0.177 0.07 0.10 0.147 0.45 0.07 01-Aug-2004 1529.00
1854.00
487.75
6855
 5.04 5376.00
1126.75
 326.82 820  18.61 0.14 0.14 0.11 0.42 0.177 0.07 0.10 0.147 0.45 0.07 01-Sep-2004 1529.00
1854.00
487.75
6855
 5.04 5376.00
1126.75
 326.82 820  18.61 0.14 0.14 0.11 0.42 0.177 0.07 0.10 0.147 0.45 0.07 01-Oct-2004 1529.00
1854.00
487.75
6855
 5.04 5376.00
1126.75
 326.82 820  18.61 0.14 0.14 0.11 0.42 0.177 0.07 0.10 0.147 0.45 0.07 01-Nov-2004 1529.00
1854.00
487.75
6855
 5.04 5376.00
1126.75
 326.82 820  18.61 0.14 0.14 0.11 0.42 0.177 0.07 0.10 0.147 0.45 0.07 01-Dec-2004 1529.00
1854.00
487.75
6855
 5.04 5376.00
1126.75
 326.82 820  18.61 0.14 0.14 0.11 0.42 0.177 0.07 0.10 0.147 0.45 0.07 01-Jan-2005 1529.00
1854.00
487.75
6855
 5.04 5376.00
1126.75
 326.82 820  18.61 0.14 0.14 0.11 0.42 0.177 0.07 0.10 0.147 0.45 0.07 01-Feb-2005 1529.00
1854.00
487.75
6855
 5.04 5376.00
1126.75
 326.82 820  18.61 0.14 0.14 0.11 0.42 0.177 0.07 0.10 0.147 0.45 0.07 01-Mar-2005 1529.00
1854.00
487.75
6855
 5.04 5376.00
1126.75
 326.82 820  18.61 0.14 0.14 0.11 0.42 0.177 0.07 0.10 0.147 0.45 0.07 01-Apr-2005 1529.00
1854.00
487.75
6855
 5.04 5376.00
1126.75
 326.82 820  18.61 0.14 0.14 0.11 0.42 0.177 0.07 0.10 0.147 0.45 0.07 01-May-2005 1529.00
1854.00
487.75
6855
 5.04 5376.00
1126.75
 326.82 820  18.61 0.14 0.14 0.11 0.42 0.177 0.07 0.10 0.147 0.45 0.07 01-Jun-2005 1529.00
1854.00
487.75
6855
 5.04 5376.00
1126.75
 326.82 820  18.61 0.14 0.14 0.11 0.42 0.177 0.07 0.10 0.147 0.45 0.07 01-Jul-2005 1529.00
1854.00
487.75
6855
 5.04 5376.00
1126.75
 326.82 820  18.61 0.14 0.14 0.11 0.42 0.177 0.07 0.10 0.147 0.45 0.07 01-Aug-2005 1529.00
1854.00
487.75
6855
 5.04 5376.00
1126.75
 326.82 820  18.61 0.14 0.14 0.11 0.42 0.177 0.07 0.10 0.147 0.45 0.07 01-Sep-2005 1529.00
1854.00
487.75
6855
 5.04 5376.00
1126.75
 326.82 820  18.61 0.14 0.14 0.11 0.42 0.177 0.07 0.10 0.147 0.45 0.07 01-Oct-2005 1529.00
1854.00
487.75
6855
 5.04 5376.00
1126.75
 326.82 820  18.61 0.14 0.14 0.11 0.42 0.177 0.07 0.10 0.147 0.45 0.07 01-Nov-2005 1529.00
1854.00
487.75
6855
 5.04 5376.00
1126.75
 326.82 820  18.61 0.14 0.14 0.11 0.42 0.177 0.07 0.10 0.147 0.45 0.07 01-Dec-2005 1529.00
1854.00
487.75
6855
 5.04 5376.00
1126.75
 326.82 820  18.61 0.14 0.14 0.11 0.42 0.177 0.07 0.10 0.147 0.45 0.07 01-Jan-2006 1529.00
1854.00
487.75
6855
 5.04 5376.00
1126.75
 326.82 820  18.61 0.14 0.14 0.11 0.42 0.177 0.07 0.10 0.147 0.45 0.07 01-Feb-2006 1529.00
1854.00
487.75
6855
 5.04 5376.00
1126.75
 326.82 820  18.61 0.14 0.14 0.11 0.42 0.177 0.07 0.10 0.147 0.45 0.07 01-Mar-2006 1529.00
1854.00
487.75
6855
 5.04 5376.00
1126.75
 326.82 820  18.61 0.14 0.14 0.11 0.42 0.177 0.07 0.10 0.147 0.45 0.07 01-Apr-2006 1529.00
1854.00
487.75
6855
 5.04 5376.00
1126.75
 326.82 820  18.61 0.14 0.14 0.11 0.42 0.177 0.07 0.10 0.147 0.45 0.07 01-May-2006 1529.00
1854.00
487.75
6855
 5.04 5376.00
1126.75
 326.82 820  18.61 0.14 0.14 0.11 0.42 0.177 0.07 0.10 0.147 0.45 0.07 01-Jun-2006 1529.00
1854.00
487.75
6855
 5.04 5376.00
1126.75
 326.82 820  18.61 0.14 0.14 0.11 0.42 0.177 0.07 0.10 0.147 0.45 0.07 01-Jul-2006 1529.00
1854.00
487.75
6855
 5.04 5376.00
1126.75
 326.82 820  18.61 0.14 0.14 0.11 0.42 0.177 0.07 0.10 0.147 0.45 0.07 01-Aug-2006 1529.00
1854.00
487.75
6855
 5.04 5376.00
1126.75
 326.82 820  18.61 0.14 0.14 0.11 0.42 0.177 0.07 0.10 0.147 0.45 0.07 01-Sep-2006 1529.00
1854.00
487.75
6855
 5.04 5376.00
1126.75
 326.82 820  18.61 0.14 0.14 0.11 0.42 0.177 0.07 0.10 0.147 0.45 0.07 01-Oct-2006 1529.00
1854.00
487.75
6855
 5.04 5376.00
1126.75
 326.82 820  18.61 0.14 0.14 0.11 0.42 0.177 0.07 0.10 0.147 0.45 0.07 01-Nov-2006 1529.00
1854.00
487.75
6855
 5.04 5376.00
1126.75
 326.82 820  18.61 0.14 0.14 0.11 0.42 0.177 0.07 0.10 0.147 0.45 0.07 01-Dec-2006 1529.00
1854.00
487.75
6855
 5.04 5376.00
1126.75
 326.82 820  18.61 0.14 0.14 0.11 0.42 0.177 0.07 0.10 0.147 0.45 0.07 01-Jan-2007 1529.00
1854.00
487.75
6855
 5.04 5376.00
1126.75
 326.82 820  18.61 0.14 0.14 0.11 0.42 0.177 0.07 0.10 0.147 0.45 0.07 

PositionM
PositionM
Page 
ForwardDate
Delta Aluminium
Delta Copper
Delta Lead
Delta Nickel
Delta Silver
Delta Tin
Delta Zinc
Delta Gold
Delta Cocoa Beans
Delta TC
Gamma Aluminium
Gamma Copper
Gamma Lead
Gamma Nickel
Gamma Silver
Gamma Tin
Gamma Zinc
Gamma Gold
Gamma Cocoa Beans
Gamma TC
1-Jul-00 267295 295626 97359 5300 287396 2905 89735 -90183 71845 19,317 0 0 0 0 0 0 0 0 0 0 1-Aug-00 -252782 119318 -7378 1343 664330 -940 18873 15657 0 0 0 0 0 0 0 0 0 0 0 0 1-Sep-00 53050 -148527 1827 3705 -1067146 887 -57155 8198 -3280 -10,000 0 0 0 0 0 0 0 0 0 0 1-Oct-00 39922 -128331 12460 793 403781 -878 4857 -56361 0 -20,000 0 0 0 0 0 0 0 0 0 0 1-Nov-00 -36058 -4377 3719 -911 672336 -174 -8814 -8328 0 -20,000 0 0 0 0 0 0 0 0 0 0 1-Dec-00 -65658 53637 -5532 2418 -1229059 -304 -4566 23824 -22250 -40,000 0 0 0 0 0 0 0 0 0 0 1-Jan-01 10651 12518 -18883 728 152555 -31 -5406 33533 0 20,000 0 0 0 0 0 0 0 0 0 0 1-Feb-01 -8110 -1128 -7216 86 -38742 -28 -1215 6173 0 20,000 0 0 0 0 0 0 0 0 0 0 1-Mar-01 -9729 -42739 -10574 553 170528 -103 -4527 13600 -43310 25,000 0 0 0 0 0 0 0 0 0 0 1-Apr-01 -8386 -29392 -1803 649 28807 -6 -1787 26878 0 -6,666 0 0 0 0 0 0 0 0 0 0 1-May-01 -1616 7253 -6874 1 -37616 46 -4662 -23470 18860 -10,000 0 0 0 0 0 0 0 0 0 0 1-Jun-01 -3124 1236 -9692 2101 -3794 -154 1291 24724 0 20,000 0 0 0 0 0 0 0 0 0 0 1-Jul-01 -5986 1103 -25900 -947 9163 -50 -4514 611 0 10,000 0 0 0 0 0 0 0 0 0 0 1-Aug-01 1156 -1853 -2975 -71 -1061 70 -7888 -6720 0 -16,666 0 0 0 0 0 0 0 0 0 0 1-Sep-01 -1212 -6722 -1075 -341 9163 0 -1401 611 0 10,000 0 0 0 0 0 0 0 0 0 0 1-Oct-01 2639 -39 -325 -924 27971 0 -3546 7813 0 0 0 0 0 0 0 0 0 0 0 0 1-Nov-01 9881 -4886 925 -276 -18808 0 -4308 -7202 0 -6,666 0 0 0 0 0 0 0 0 0 0 1-Dec-01 -22211 -110980 925 -10284 0 0 3890 0 0 10,000 0 0 0 0 0 0 0 0 0 0 1-Jan-02 38601 -889 675 -654 18808 0 4197 7202 0 0 0 0 0 0 0 0 0 0 0 0 1-Feb-02 15351 -187 900 -72 0 0 -817 0 0 0 0 0 0 0 0 0 0 0 0 0 1-Mar-02 22114 1045 1000 -234 0 0 2810 0 0 0 0 0 0 0 0 0 0 0 0 0 1-Apr-02 5476 13805 0 -150 0 0 -1139 0 0 0 0 0 0 0 0 0 0 0 0 0 1-May-02 5075 -1895 0 54 0 0 -1410 0 -20000 0 0 0 0 0 0 0 0 0 0 0 1-Jun-02 -27120 -1395 0 -78 0 0 345 0 0 0 0 0 0 0 0 0 0 0 0 0 1-Jul-02 2853 -1295 0 -186 0 0 -2050 0 0 0 0 0 0 0 0 0 0 0 0 0 1-Aug-02 -14148 -1086 0 -12 0 0 -396 0 0 0 0 0 0 0 0 0 0 0 0 0 1-Sep-02 40143 250 0 24 0 0 -390 0 0 0 0 0 0 0 0 0 0 0 0 0 1-Oct-02 -1415 -25 0 -6 0 0 215 0 0 0 0 0 0 0 0 0 0 0 0 0 1-Nov-02 3685 50 0 -12 0 0 219 0 0 0 0 0 0 0 0 0 0 0 0 0 1-Dec-02 -12424 150 0 0 0 0 223 0 0 0 0 0 0 0 0 0 0 0 0 0 1-Jan-03 -1019 100 0 0 0 0 228 0 0 0 0 0 0 0 0 0 0 0 0 1-Feb-03 -5640 100 0 0 0 0 0 0 0 0 0 0 0 0 0 0 0 0 0 1-Mar-03 -5573 -25 0 0 0 0 0 0 0 0 0 0 0 0 0 0 0 0 0 1-Apr-03 119 100 0 0 0 0 0 0 0 0 0 0 0 0 0 0 0 0 0 1-May-03 107 100 0 0 0 0 0 0 0 0 0 0 0 0 0 0 0 0 0 1-Jun-03 75 100 0 0 0 0 0 0 0 0 0 0 0 0 0 0 0 0 0 1-Jul-03 -9905 100 0 0 0 0 0 0 0 0 0 0 0 0 0 0 0 0 0 1-Aug-03 -6790 100 0 0 0 0 0 0 0 0 0 0 0 0 0 0 0 0 0 1-Sep-03 55 100 0 0 0 0 0 0 0 0 0 0 0 0 0 0 0 0 0 1-Oct-03 676 100 0 0 0 0 0 0 0 0 0 0 0 0 0 0 0 0 0 1-Nov-03 667 100 0 0 0 0 0 0 0 0 0 0 0 0 0 0 0 0 0 1-Dec-03 637 200 0 0 0 0 0 0 0 0 0 0 0 0 0 0 0 0 0 1-Jan-04 -75 -25 0 0 0 0 0 0 0 0 0 0 0 0 0 0 0 0 0 1-Feb-04 -100 -25 0 0 0 0 0 0 0 0 0 0 0 0 0 0 0 0 0 1-Mar-04 -75 -25 0 0 0 0 0 0 0 0 0 0 0 0 0 0 0 0 0 1-Apr-04 -100 -25 0 0 0 0 0 0 0 0 0 0 0 0 0 0 0 0 0 1-May-04 -75 -25 0 0 0 0 0 0 0 0 0 0 0 0 0 0 0 0 0 1-Jun-04 -100 -25 0 0 0 0 0 0 0 0 0 0 0 0 0 0 0 0 0 1-Jul-04 -75 -25 0 0 0 0 0 0 0 0 0 0 0 0 0 0 0 0 0 1-Aug-04 -25 -25 0 0 0 0 0 0 0 0 0 0 0 0 0 0 0 0 0 1-Sep-04 0 -25 0 0 0 0 0 0 0 0 0 0 0 0 0 0 0 0 0 1-Oct-04 -25 -25 0 0 0 0 0 0 0 0 0 0 0 0 0 0 0 0 0 1-Nov-04 0 -25 0 0 0 0 0 0 0 0 0 0 0 0 0 0 0 0 0 1-Dec-04 -15025 -25 0 0 0 0 0 0 0 0 0 0 0 0 0 0 0 0 0 1-Jan-05 0 0 0 0 0 0 0 0 0 0 0 0 0 0 0 0 0 0 0 1-Feb-05 -25 0 0 0 0 0 0 0 0 0 0 0 0 0 0 0 0 0 0 1-Mar-05 0 0 0 0 0 0 0 0 0 0 0 0 0 0 0 0 0 0 0 1-Apr-05 -25 0 0 0 0 0 0 0 0 0 0 0 0 0 0 0 0 0 0 1-May-05 0 0 0 0 0 0 0 0 0 0 0 0 0 0 0 0 0 0 0 1-Jun-05 -25 0 0 0 0 0 0 0 0 0 0 0 0 0 0 0 0 0 0 1-Jul-05 0 0 0 0 0 0 0 0 0 0 0 0 0 0 0 0 0 0 0 1-Aug-05 -25 0 0 0 0 0 0 0 0 0 0 0 0 0 0 0 0 0 0 1-Sep-05 0 0 0 0 0 0 0 0 0 0 0 0 0 0 0 0 0 0 0 1-Oct-05 -25 0 0 0 0 0 0 0 0 0 0 0 0 0 0 0 0 0 0 1-Nov-05 0 0 0 0 0 0 0 0 0 0 0 0 0 0 0 0 0 0 0 1-Dec-05 -25 0 0 0 0 0 0 0 0 0 0 0 0 0 0 0 0 0 0 1-Jan-06 0 0 0 0 0 0 0 0 0 0 0 0 0 0 0 0 0 0 0 1-Feb-06 -25 0 0 0 0 0 0 0 0 0 0 0 0 0 0 0 0 0 0 1-Mar-06 0 0 0 0 0 0 0 0 0 0 0 0 0 0 0 0 0 0 0 1-Apr-06 -25 0 0 0 0 0 0 0 0 0 0 0 0 0 0 0 0 0 0 1-May-06 0 0 0 0 0 0 0 0 0 0 0 0 0 0 0 0 0 0 0 1-Jun-06 -25 0 0 0 0 0 0 0 0 0 0 0 0 0 0 0 0 0 0 1-Jul-06 0 0 0 0 0 0 0 0 0 0 0 0 0 0 0 0 0 0 0 1-Aug-06 0 0 0 0 0 0 0 0 0 0 0 0 0 0 0 0 0 0 0 1-Sep-06 0 0 0 0 0 0 0 0 0 0 0 0 0 0 0 0 0 0 0 1-Oct-06 -25 0 0 0 0 0 0 0 0 0 0 0 0 0 0 0 0 0 0 1-Nov-06 0 0 0 0 0 0 0 0 0 0 0 0 0 0 0 0 0 0 0 1-Dec-06 -25 0 0 0 0 0 0 0 0 0 0 0 0 0 0 0 0 0 0 1-Jan-07 0 0 0 0 0 0 0 0 0 0 0 0 0 0 0 0 0 0 0 sum
 5,372  21,120  21,563  2,597  48,612  1,240  10,892  (23,440)  1,865 4,319  -    -   0.0600 0.0600 0.0600 0.0600 0.0600 0.0600 0.0600 0.0600 0.0600 0.0600 0.0600 0.0600 0.0600 0.0600 0.0600 0.0600 0.0600 0.0600 0.0600 0.0600 0.0600 0.0600 0.0600 0.0600 0.0600 0.0600 0.0600 0.0600 0.0600 0.0600 0.0600 0.0600 0.0600 0.0600 0.0600 0.0600 0.0600 0.0600 0.0600 0.0600 0.0600 0.0600 0.0600 0.0600 0.0600 0.0600 0.0600 0.0600 0.0600 0.0600 0.0600 0.0600 0.0600 0.0600 0.0600 0.0600 0.0600 0.0600 0.0600 0.0600 0.0600 0.0600 0.0600 0.0600 0.0600 0.0600 0.0600 0.0600 0.0600 0.0600 0.0600 0.0600 0.0600 0.0600 0.0600 0.0600 0.0600 0.0600 0.0600 0.0600 0.0600 0.0600 0.0600 0.0600 0.0600 0.0600 0.0600 0.0600 0.0600 0.0600 0.0600 0.0600 0.0600 0.0600 0.0600 0.0600 0.0600 0.0600 0.0600 0.0600 0.0600 0.0600 0.0600 0.0600 0.0600 0.0600 0.0600 0.0600 0.0600 0.0600 0.0600 0.0600 0.0600 0.0600 0.0600 0.0600 0.0600 0.0600 0.0600 0.0600 0.0600 0.0600 0.0600 0.0600 0.0600 0.0600 0.0600 0.0600 0.0600 0.0600 0.0600 0.0600 0.0600 0.0600 0.0600 0.0600 0.0600 0.0600 0.0600 0.0600 0.0600 0.0600 0.0600 0.0600 0.0600 0.0600 0.0600 0.0600 0.0600 0.0600 0.0600 0.0600 0.0600 0.0600 0.0600 0.0600 0.0600 0.0600 0.0600 0.0600 0.0600 0.0600 0.0600 0.0600 0.0600 0.0600 0.0600 0.0600 0.0600 0.0600 0.0600 0.0600 0.0600 0.0600 0.0600 0.0600 0.0600 0.0600 0.0600 0.0600 0.0600 0.0600 0.0600 0.0600 0.0600 0.0600 0.0600 0.0600 0.0600 0.0600 0.0600 0.0600 0.0600 0.0600 0.0600 0.0600 0.0600 0.0600 0.0600 0.0600 0.0600 0.0600 0.0600 0.0600 0.0600 0.0600 0.0600 0.0600 0.0600 0.0600 0.0600 0.0600 0.0600 0.0600 0.0600 0.0600 0.0600 0.0600 0.0600 0.0600 0.0600 0.0600 0.0600 0.0600 0.0600 0.0600 0.0600 0.0600 0.0600 0.0600 0.0600 0.0600 0.0600 0.0600 0.0600 0.0600 0.0600 0.0600 0.0600 0.0600 0.0600 0.0600 0.0600 0.0600 0.0600 0.0600 0.0600 0.0600 0.0600 0.0600 0.0600 0.0600 0.0600 0.0600 0.0600 0.0600 0.0600 0.0600 0.0600 0.0600 0.0600 0.0600 0.0600 0.0600 0.0600 0.0600 0.0600 0.0600 0.0600 0.0600 0.0600 0.0600 0.0600 0.0600 0.0600 0.0600 0.0600 0.0600 0.0600 0.0600 0.0600 0.0600 0.0600 0.0600 0.0600 0.0600 0.0600 0.0600 0.0600 0.0600 0.0600 0.0600 0.0600 0.0600 0.0600 0.0600 0.0600 0.0600 0.0600 0.0600 0.0600 0.0600 

CorrMatrix
CorrMatrix
Page 
Copper
Lead
Nickel
Silver
Tin
Zinc
Gold
Cocoa Beans
TC
Aluminium
1.000 0.671 0.287 0.404 0.047 0.199 0.471 -0.186 -0.042 0.000 Copper
0.671 1.000 0.420 0.519 0.042 0.197 0.641 -0.027 0.096 0.000 Lead
0.287 0.420 1.000 0.217 0.077 0.130 0.388 -0.121 0.088 0.000 Nickel
0.404 0.519 0.217 1.000 0.124 0.079 0.460 -0.030 0.122 0.000 Silver
0.047 0.042 0.077 0.124 1.000 -0.147 0.000 0.073 -0.122 0.000 Tin
0.199 0.197 0.130 0.079 -0.147 1.000 0.302 -0.037 0.182 0.000 Zinc
0.471 0.641 0.388 0.460 0.000 0.302 1.000 -0.101 0.155 0.000 Gold
-0.186 -0.027 -0.121 -0.030 0.073 -0.037 -0.101 1.000 -0.063 0.000 Cocoa Beans
-0.042 0.096 0.088 0.122 -0.122 0.182 0.155 -0.063 1.000 0.000 TC
0.000 0.000 0.000 0.000 0.000 0.000 0.000 0.000 0.000 1.000 Correlations in grey to be updated


FactorLoadings
FactorLoadings
Page 
Aluminium
Copper
Lead
Nickel
Silver
Tin
Zinc
Gold
Cocoa Beans
TC
Dummy
FL1
FL2
FL3
FL4
FL5
FL1
FL2
FL3
FL4
FL5
FL1
FL2
FL3
FL4
FL5
FL1
FL2
FL3
FL4
FL5
FL1
FL2
FL3
FL4
FL5
FL1
FL2
FL3
FL4
FL5
FL1
FL2
FL3
FL4
FL5
FL1
FL2
FL3
FL4
FL5
FL1
FL2
FL3
FL4
FL5
FL1
FL2
FL3
FL4
FL5
0.10226 -0.01708 0.00669 -0.00243 -0.00118 0.09313 -0.01342 0.00429 -0.00239 0.00138 0.08681 -0.02108 0.00478 -0.00255 -0.00117 0.19637 -0.07202 0.02128 -0.00563 -0.00532 1 0 0 0 0 0.03732 -0.01468 0.00351 -0.00043 0.00005 0.08062 -0.01803 -0.01052 0.00521 -0.00035 1 0 0 0 0 1 0 0 0 0 1 0 0 0 0 1 0 0 0 0 1 0 0 0 0 0.10117 -0.01617 0.00540 -0.00140 -0.00083 0.09174 -0.01217 0.00305 -0.00112 0.00036 0.08422 -0.01897 0.00293 -0.00100 0.00017 0.18657 -0.06398 0.01341 -0.00307 -0.00047 1 0 0 0 0 0.03630 -0.00382 -0.00409 0.00231 -0.00103 0.07986 -0.01723 -0.00931 0.00287 -0.00035 1 0 0 0 0 1 0 0 0 0 1 0 0 0 0 1 0 0 0 0 1 0 0 0 0 0.09966 -0.01482 0.00332 0.00049 -0.00010 0.09055 -0.01133 0.00219 0.00008 0.00013 0.07933 -0.01132 0.00041 0.00344 0.00232 0.18468 -0.05754 0.00749 0.00302 0.00217 1 0 0 0 0 0.03512 -0.00179 -0.00377 0.00096 0.00084 0.07746 -0.01504 -0.00503 -0.00129 0.00142 1 0 0 0 0 1 0 0 0 0 1 0 0 0 0 1 0 0 0 0 1 0 0 0 0 0.09766 -0.01300 0.00077 0.00123 0.00071 0.08904 -0.00969 0.00131 0.00094 -0.00057 0.07616 -0.00470 -0.00394 0.00428 -0.00038 0.18087 -0.05117 0.00089 0.00505 0.00561 1 0 0 0 0 0.03451 -0.00053 -0.00294 -0.00143 0.00085 0.07431 -0.01330 -0.00093 -0.00299 0.00238 1 0 0 0 0 1 0 0 0 0 1 0 0 0 0 1 0 0 0 0 1 0 0 0 0 0.09543 -0.01180 -0.00007 0.00185 0.00111 0.08784 -0.00816 0.00014 0.00147 -0.00078 0.07348 -0.00177 -0.00453 0.00202 -0.00081 0.17863 -0.04627 -0.00325 0.00390 0.00457 1 0 0 0 0 0.03411 0.00029 -0.00184 -0.00121 0.00050 0.07274 -0.01188 -0.00000 -0.00318 0.00139 1 0 0 0 0 1 0 0 0 0 1 0 0 0 0 1 0 0 0 0 1 0 0 0 0 0.09330 -0.01036 -0.00078 0.00188 0.00136 0.08683 -0.00696 -0.00048 0.00175 -0.00095 0.07060 0.00093 -0.00491 -0.00030 -0.00104 0.17754 -0.04118 -0.00601 0.00282 0.00316 1 0 0 0 0 0.03374 0.00101 -0.00104 -0.00122 -0.00000 0.07118 -0.01089 0.00108 -0.00316 0.00041 1 0 0 0 0 1 0 0 0 0 1 0 0 0 0 1 0 0 0 0 1 0 0 0 0 0.09144 -0.00897 -0.00196 0.00205 0.00112 0.08561 -0.00539 -0.00128 0.00202 -0.00097 0.06904 0.00303 -0.00436 -0.00157 -0.00094 0.17630 -0.03415 -0.00902 0.00170 0.00293 1 0 0 0 0 0.03347 0.00167 -0.00031 -0.00106 -0.00054 0.06943 -0.00985 0.00224 -0.00272 -0.00066 1 0 0 0 0 1 0 0 0 0 1 0 0 0 0 1 0 0 0 0 1 0 0 0 0 0.08903 -0.00758 -0.00295 0.00169 0.00064 0.08420 -0.00407 -0.00200 0.00151 -0.00051 0.06798 0.00408 -0.00359 -0.00217 -0.00018 0.17632 -0.02798 -0.01052 -0.00018 0.00149 1 0 0 0 0 0.03326 0.00214 0.00035 -0.00079 -0.00091 0.06810 -0.00842 0.00319 -0.00216 -0.00134 1 0 0 0 0 1 0 0 0 0 1 0 0 0 0 1 0 0 0 0 1 0 0 0 0 0.08660 -0.00587 -0.00331 0.00158 0.00019 0.08285 -0.00279 -0.00259 0.00091 0.00003 0.06679 0.00545 -0.00227 -0.00248 0.00090 0.17644 -0.02191 -0.01131 -0.00173 0.00070 1 0 0 0 0 0.03310 0.00226 0.00065 -0.00049 -0.00067 0.06658 -0.00680 0.00382 -0.00137 -0.00147 1 0 0 0 0 1 0 0 0 0 1 0 0 0 0 1 0 0 0 0 1 0 0 0 0 0.08423 -0.00383 -0.00348 0.00055 -0.00054 0.08172 -0.00164 -0.00299 0.00033 0.00047 0.06624 0.00687 -0.00076 -0.00205 0.00119 0.17588 -0.01544 -0.01068 -0.00268 -0.00084 1 0 0 0 0 0.03295 0.00238 0.00094 -0.00019 -0.00044 0.06499 -0.00499 0.00419 -0.00053 -0.00160 1 0 0 0 0 1 0 0 0 0 1 0 0 0 0 1 0 0 0 0 1 0 0 0 0 0.08201 -0.00191 -0.00361 -0.00030 -0.00102 0.08072 -0.00076 -0.00317 -0.00019 0.00088 0.06587 0.00847 0.00070 -0.00131 0.00122 0.17536 -0.00882 -0.00970 -0.00386 -0.00272 1 0 0 0 0 0.03280 0.00249 0.00124 0.00011 -0.00020 0.06332 -0.00316 0.00446 0.00034 -0.00171 1 0 0 0 0 1 0 0 0 0 1 0 0 0 0 1 0 0 0 0 1 0 0 0 0 0.07948 0.00010 -0.00354 -0.00101 -0.00140 0.07987 -0.00002 -0.00319 -0.00063 0.00099 0.06530 0.00988 0.00207 -0.00019 0.00073 0.17514 -0.00298 -0.00834 -0.00470 -0.00342 1 0 0 0 0 0.03265 0.00261 0.00153 0.00041 0.00004 0.06163 -0.00136 0.00471 0.00124 -0.00169 1 0 0 0 0 1 0 0 0 0 1 0 0 0 0 1 0 0 0 0 1 0 0 0 0 0.07705 0.00186 -0.00333 -0.00163 -0.00153 0.07898 0.00082 -0.00299 -0.00097 0.00096 0.06454 0.01082 0.00339 0.00060 0.00002 0.17495 0.00151 -0.00697 -0.00353 -0.00464 1 0 0 0 0 0.03250 0.00273 0.00182 0.00071 0.00028 0.06009 0.00067 0.00505 0.00195 -0.00150 1 0 0 0 0 1 0 0 0 0 1 0 0 0 0 1 0 0 0 0 1 0 0 0 0 0.07438 0.00370 -0.00251 -0.00163 -0.00130 0.07818 0.00183 -0.00255 -0.00108 0.00066 0.06384 0.01168 0.00447 0.00123 -0.00065 0.17416 0.00656 -0.00485 -0.00170 -0.00466 1 0 0 0 0 0.03235 0.00285 0.00212 0.00101 0.00051 0.05845 0.00251 0.00514 0.00231 -0.00104 1 0 0 0 0 1 0 0 0 0 1 0 0 0 0 1 0 0 0 0 1 0 0 0 0 0.07191 0.00535 -0.00193 -0.00190 -0.00089 0.07748 0.00266 -0.00205 -0.00120 0.00025 0.06311 0.01257 0.00549 0.00186 -0.00136 0.17342 0.01173 -0.00215 0.00029 -0.00488 1 0 0 0 0 0.03220 0.00296 0.00241 0.00131 0.00075 0.05707 0.00433 0.00502 0.00262 -0.00059 1 0 0 0 0 1 0 0 0 0 1 0 0 0 0 1 0 0 0 0 1 0 0 0 0 0.06962 0.00692 -0.00138 -0.00194 -0.00037 0.07677 0.00373 -0.00134 -0.00144 -0.00017 0.06311 0.01257 0.00549 0.00186 -0.00136 0.17287 0.01678 -0.00064 0.00218 -0.00450 1 0 0 0 0 0.03220 0.00296 0.00241 0.00131 0.00075 0.05606 0.00613 0.00456 0.00224 0.00029 1 0 0 0 0 1 0 0 0 0 1 0 0 0 0 1 0 0 0 0 1 0 0 0 0 0.06776 0.00829 -0.00073 -0.00189 0.00036 0.07602 0.00479 -0.00059 -0.00157 -0.00064 0.06311 0.01257 0.00549 0.00186 -0.00136 0.17241 0.02195 0.00066 0.00409 -0.00405 1 0 0 0 0 0.03220 0.00296 0.00241 0.00131 0.00075 0.05470 0.00797 0.00369 0.00181 0.00129 1 0 0 0 0 1 0 0 0 0 1 0 0 0 0 1 0 0 0 0 1 0 0 0 0 0.06594 0.00962 -0.00014 -0.00182 0.00107 0.07533 0.00582 0.00020 -0.00160 -0.00109 0.06311 0.01257 0.00549 0.00186 -0.00136 0.17186 0.02714 0.00208 0.00614 -0.00305 1 0 0 0 0 0.03220 0.00296 0.00241 0.00131 0.00075 0.05354 0.00977 0.00296 0.00137 0.00225 1 0 0 0 0 1 0 0 0 0 1 0 0 0 0 1 0 0 0 0 1 0 0 0 0 0.06423 0.01106 0.00039 -0.00173 0.00159 0.07476 0.00648 0.00088 -0.00135 -0.00154 0.06311 0.01257 0.00549 0.00186 -0.00136 0.17162 0.03204 0.00339 0.00712 -0.00192 1 0 0 0 0 0.03220 0.00296 0.00241 0.00131 0.00075 0.05222 0.01148 0.00195 0.00097 0.00297 1 0 0 0 0 1 0 0 0 0 1 0 0 0 0 1 0 0 0 0 1 0 0 0 0 0.06297 0.01240 0.00072 -0.00159 0.00160 0.07407 0.00696 0.00111 -0.00090 -0.00132 0.06311 0.01257 0.00549 0.00186 -0.00136 0.17371 0.03470 0.00380 0.00552 -0.00074 1 0 0 0 0 0.03220 0.00296 0.00241 0.00131 0.00075 0.05146 0.01269 0.00079 0.00050 0.00243 1 0 0 0 0 1 0 0 0 0 1 0 0 0 0 1 0 0 0 0 1 0 0 0 0 0.06186 0.01358 0.00111 -0.00137 0.00148 0.07338 0.00743 0.00130 -0.00042 -0.00092 0.06311 0.01257 0.00549 0.00186 -0.00136 0.17579 0.03718 0.00407 0.00389 0.00008 1 0 0 0 0 0.03220 0.00296 0.00241 0.00131 0.00075 0.05073 0.01395 -0.00038 0.00011 0.00185 1 0 0 0 0 1 0 0 0 0 1 0 0 0 0 1 0 0 0 0 1 0 0 0 0 0.06097 0.01448 0.00129 -0.00059 0.00101 0.07261 0.00784 0.00148 0.00008 -0.00048 0.06311 0.01257 0.00549 0.00186 -0.00136 0.17787 0.03908 0.00400 0.00211 0.00097 1 0 0 0 0 0.03220 0.00296 0.00241 0.00131 0.00075 0.04990 0.01519 -0.00141 -0.00021 0.00111 1 0 0 0 0 1 0 0 0 0 1 0 0 0 0 1 0 0 0 0 1 0 0 0 0 0.06007 0.01539 0.00147 0.00019 0.00053 0.07183 0.00827 0.00164 0.00055 -0.00006 0.06311 0.01257 0.00549 0.00186 -0.00136 0.17997 0.04126 0.00382 0.00003 0.00174 1 0 0 0 0 0.03220 0.00296 0.00241 0.00131 0.00075 0.04907 0.01643 -0.00244 -0.00053 0.00037 1 0 0 0 0 1 0 0 0 0 1 0 0 0 0 1 0 0 0 0 1 0 0 0 0 0.05916 0.01630 0.00168 0.00102 0.00004 0.07119 0.00864 0.00179 0.00089 0.00040 0.06311 0.01257 0.00549 0.00186 -0.00136 0.18212 0.04312 0.00391 -0.00169 0.00276 1 0 0 0 0 0.03220 0.00296 0.00241 0.00131 0.00075 0.04823 0.01767 -0.00347 -0.00085 -0.00037 1 0 0 0 0 1 0 0 0 0 1 0 0 0 0 1 0 0 0 0 1 0 0 0 0 0.05823 0.01726 0.00185 0.00192 -0.00057 0.07054 0.00901 0.00191 0.00125 0.00090 0.06311 0.01257 0.00549 0.00186 -0.00136 0.18428 0.04491 0.00378 -0.00366 0.00360 1 0 0 0 0 0.03220 0.00296 0.00241 0.00131 0.00075 0.04739 0.01892 -0.00450 -0.00117 -0.00112 1 0 0 0 0 1 0 0 0 0 1 0 0 0 0 1 0 0 0 0 1 0 0 0 0 0.05731 0.01808 0.00212 0.00281 -0.00119 0.06993 0.00947 0.00197 0.00148 0.00120 0.06311 0.01257 0.00549 0.00186 -0.00136 0.18644 0.04656 0.00342 -0.00569 0.00461 1 0 0 0 0 0.03220 0.00296 0.00241 0.00131 0.00075 0.04652 0.02027 -0.00553 -0.00153 -0.00189 1 0 0 0 0 1 0 0 0 0 1 0 0 0 0 1 0 0 0 0 1 0 0 0 0 0.05632 0.01903 0.00253 0.00370 -0.00182 0.06934 0.00988 0.00203 0.00168 0.00149 0.06311 0.01257 0.00549 0.00186 -0.00136 0.18864 0.04825 0.00306 -0.00775 0.00563 1 0 0 0 0 0.03220 0.00296 0.00241 0.00131 0.00075 0.04565 0.02162 -0.00655 -0.00190 -0.00266 1 0 0 0 0 1 0 0 0 0 1 0 0 0 0 1 0 0 0 0 1 0 0 0 0 0.05632 0.01903 0.00253 0.00370 -0.00182 0.06934 0.00988 0.00203 0.00168 0.00149 0.06311 0.01257 0.00549 0.00186 -0.00136 0.18864 0.04825 0.00306 -0.00775 0.00563 1 0 0 0 0 0.03220 0.00296 0.00241 0.00131 0.00075 0.04565 0.02162 -0.00655 -0.00190 -0.00266 1 0 0 0 0 1 0 0 0 0 1 0 0 0 0 1 0 0 0 0 1 0 0 0 0 0.05632 0.01903 0.00253 0.00370 -0.00182 0.06934 0.00988 0.00203 0.00168 0.00149 0.06311 0.01257 0.00549 0.00186 -0.00136 0.18864 0.04825 0.00306 -0.00775 0.00563 1 0 0 0 0 0.03220 0.00296 0.00241 0.00131 0.00075 0.04565 0.02162 -0.00655 -0.00190 -0.00266 1 0 0 0 0 1 0 0 0 0 1 0 0 0 0 1 0 0 0 0 1 0 0 0 0 0.05632 0.01903 0.00253 0.00370 -0.00182 0.06934 0.00988 0.00203 0.00168 0.00149 0.06311 0.01257 0.00549 0.00186 -0.00136 0.18864 0.04825 0.00306 -0.00775 0.00563 1 0 0 0 0 0.03220 0.00296 0.00241 0.00131 0.00075 0.04565 0.02162 -0.00655 -0.00190 -0.00266 1 0 0 0 0 1 0 0 0 0 1 0 0 0 0 1 0 0 0 0 1 0 0 0 0 0.05632 0.01903 0.00253 0.00370 -0.00182 0.06934 0.00988 0.00203 0.00168 0.00149 0.06311 0.01257 0.00549 0.00186 -0.00136 0.18864 0.04825 0.00306 -0.00775 0.00563 1 0 0 0 0 0.03220 0.00296 0.00241 0.00131 0.00075 0.04565 0.02162 -0.00655 -0.00190 -0.00266 1 0 0 0 0 1 0 0 0 0 1 0 0 0 0 1 0 0 0 0 1 0 0 0 0 0.05632 0.01903 0.00253 0.00370 -0.00182 0.06934 0.00988 0.00203 0.00168 0.00149 0.06311 0.01257 0.00549 0.00186 -0.00136 0.18864 0.04825 0.00306 -0.00775 0.00563 1 0 0 0 0 0.03220 0.00296 0.00241 0.00131 0.00075 0.04565 0.02162 -0.00655 -0.00190 -0.00266 1 0 0 0 0 1 0 0 0 0 1 0 0 0 0 1 0 0 0 0 1 0 0 0 0 0.05632 0.01903 0.00253 0.00370 -0.00182 0.06934 0.00988 0.00203 0.00168 0.00149 0.06311 0.01257 0.00549 0.00186 -0.00136 0.18864 0.04825 0.00306 -0.00775 0.00563 1 0 0 0 0 0.03220 0.00296 0.00241 0.00131 0.00075 0.04565 0.02162 -0.00655 -0.00190 -0.00266 1 0 0 0 0 1 0 0 0 0 1 0 0 0 0 1 0 0 0 0 1 0 0 0 0 0.05632 0.01903 0.00253 0.00370 -0.00182 0.06934 0.00988 0.00203 0.00168 0.00149 0.06311 0.01257 0.00549 0.00186 -0.00136 0.18864 0.04825 0.00306 -0.00775 0.00563 1 0 0 0 0 0.03220 0.00296 0.00241 0.00131 0.00075 0.04565 0.02162 -0.00655 -0.00190 -0.00266 1 0 0 0 0 1 0 0 0 0 1 0 0 0 0 1 0 0 0 0 1 0 0 0 0 0.05632 0.01903 0.00253 0.00370 -0.00182 0.06934 0.00988 0.00203 0.00168 0.00149 0.06311 0.01257 0.00549 0.00186 -0.00136 0.18864 0.04825 0.00306 -0.00775 0.00563 1 0 0 0 0 0.03220 0.00296 0.00241 0.00131 0.00075 0.04565 0.02162 -0.00655 -0.00190 -0.00266 1 0 0 0 0 1 0 0 0 0 1 0 0 0 0 1 0 0 0 0 1 0 0 0 0 0.05632 0.01903 0.00253 0.00370 -0.00182 0.06934 0.00988 0.00203 0.00168 0.00149 0.06311 0.01257 0.00549 0.00186 -0.00136 0.18864 0.04825 0.00306 -0.00775 0.00563 1 0 0 0 0 0.03220 0.00296 0.00241 0.00131 0.00075 0.04565 0.02162 -0.00655 -0.00190 -0.00266 1 0 0 0 0 1 0 0 0 0 1 0 0 0 0 1 0 0 0 0 1 0 0 0 0 0.05632 0.01903 0.00253 0.00370 -0.00182 0.06934 0.00988 0.00203 0.00168 0.00149 0.06311 0.01257 0.00549 0.00186 -0.00136 0.18864 0.04825 0.00306 -0.00775 0.00563 1 0 0 0 0 0.03220 0.00296 0.00241 0.00131 0.00075 0.04565 0.02162 -0.00655 -0.00190 -0.00266 1 0 0 0 0 1 0 0 0 0 1 0 0 0 0 1 0 0 0 0 1 0 0 0 0 0.05632 0.01903 0.00253 0.00370 -0.00182 0.06934 0.00988 0.00203 0.00168 0.00149 0.06311 0.01257 0.00549 0.00186 -0.00136 0.18864 0.04825 0.00306 -0.00775 0.00563 1 0 0 0 0 0.03220 0.00296 0.00241 0.00131 0.00075 0.04565 0.02162 -0.00655 -0.00190 -0.00266 1 0 0 0 0 1 0 0 0 0 1 0 0 0 0 1 0 0 0 0 1 0 0 0 0 0.05632 0.01903 0.00253 0.00370 -0.00182 0.06934 0.00988 0.00203 0.00168 0.00149 0.06311 0.01257 0.00549 0.00186 -0.00136 0.18864 0.04825 0.00306 -0.00775 0.00563 1 0 0 0 0 0.03220 0.00296 0.00241 0.00131 0.00075 0.04565 0.02162 -0.00655 -0.00190 -0.00266 1 0 0 0 0 1 0 0 0 0 1 0 0 0 0 1 0 0 0 0 1 0 0 0 0 0.05632 0.01903 0.00253 0.00370 -0.00182 0.06934 0.00988 0.00203 0.00168 0.00149 0.06311 0.01257 0.00549 0.00186 -0.00136 0.18864 0.04825 0.00306 -0.00775 0.00563 1 0 0 0 0 0.03220 0.00296 0.00241 0.00131 0.00075 0.04565 0.02162 -0.00655 -0.00190 -0.00266 1 0 0 0 0 1 0 0 0 0 1 0 0 0 0 1 0 0 0 0 1 0 0 0 0 0.05632 0.01903 0.00253 0.00370 -0.00182 0.06934 0.00988 0.00203 0.00168 0.00149 0.06311 0.01257 0.00549 0.00186 -0.00136 0.18864 0.04825 0.00306 -0.00775 0.00563 1 0 0 0 0 0.03220 0.00296 0.00241 0.00131 0.00075 0.04565 0.02162 -0.00655 -0.00190 -0.00266 1 0 0 0 0 1 0 0 0 0 1 0 0 0 0 1 0 0 0 0 1 0 0 0 0 0.05632 0.01903 0.00253 0.00370 -0.00182 0.06934 0.00988 0.00203 0.00168 0.00149 0.06311 0.01257 0.00549 0.00186 -0.00136 0.18864 0.04825 0.00306 -0.00775 0.00563 1 0 0 0 0 0.03220 0.00296 0.00241 0.00131 0.00075 0.04565 0.02162 -0.00655 -0.00190 -0.00266 1 0 0 0 0 1 0 0 0 0 1 0 0 0 0 1 0 0 0 0 1 0 0 0 0 0.05632 0.01903 0.00253 0.00370 -0.00182 0.06934 0.00988 0.00203 0.00168 0.00149 0.06311 0.01257 0.00549 0.00186 -0.00136 0.18864 0.04825 0.00306 -0.00775 0.00563 1 0 0 0 0 0.03220 0.00296 0.00241 0.00131 0.00075 0.04565 0.02162 -0.00655 -0.00190 -0.00266 1 0 0 0 0 1 0 0 0 0 1 0 0 0 0 1 0 0 0 0 1 0 0 0 0 0.05632 0.01903 0.00253 0.00370 -0.00182 0.06934 0.00988 0.00203 0.00168 0.00149 0.06311 0.01257 0.00549 0.00186 -0.00136 0.18864 0.04825 0.00306 -0.00775 0.00563 1 0 0 0 0 0.03220 0.00296 0.00241 0.00131 0.00075 0.04565 0.02162 -0.00655 -0.00190 -0.00266 1 0 0 0 0 1 0 0 0 0 1 0 0 0 0 1 0 0 0 0 1 0 0 0 0 0.05632 0.01903 0.00253 0.00370 -0.00182 0.06934 0.00988 0.00203 0.00168 0.00149 0.06311 0.01257 0.00549 0.00186 -0.00136 0.18864 0.04825 0.00306 -0.00775 0.00563 1 0 0 0 0 0.03220 0.00296 0.00241 0.00131 0.00075 0.04565 0.02162 -0.00655 -0.00190 -0.00266 1 0 0 0 0 1 0 0 0 0 1 0 0 0 0 1 0 0 0 0 1 0 0 0 0 0.05632 0.01903 0.00253 0.00370 -0.00182 0.06934 0.00988 0.00203 0.00168 0.00149 0.06311 0.01257 0.00549 0.00186 -0.00136 0.18864 0.04825 0.00306 -0.00775 0.00563 1 0 0 0 0 0.03220 0.00296 0.00241 0.00131 0.00075 0.04565 0.02162 -0.00655 -0.00190 -0.00266 1 0 0 0 0 1 0 0 0 0 1 0 0 0 0 1 0 0 0 0 1 0 0 0 0 0.05632 0.01903 0.00253 0.00370 -0.00182 0.06934 0.00988 0.00203 0.00168 0.00149 0.06311 0.01257 0.00549 0.00186 -0.00136 0.18864 0.04825 0.00306 -0.00775 0.00563 1 0 0 0 0 0.03220 0.00296 0.00241 0.00131 0.00075 0.04565 0.02162 -0.00655 -0.00190 -0.00266 1 0 0 0 0 1 0 0 0 0 1 0 0 0 0 1 0 0 0 0 1 0 0 0 0 0.05632 0.01903 0.00253 0.00370 -0.00182 0.06934 0.00988 0.00203 0.00168 0.00149 0.06311 0.01257 0.00549 0.00186 -0.00136 0.18864 0.04825 0.00306 -0.00775 0.00563 1 0 0 0 0 0.03220 0.00296 0.00241 0.00131 0.00075 0.04565 0.02162 -0.00655 -0.00190 -0.00266 1 0 0 0 0 1 0 0 0 0 1 0 0 0 0 1 0 0 0 0 1 0 0 0 0 0.05632 0.01903 0.00253 0.00370 -0.00182 0.06934 0.00988 0.00203 0.00168 0.00149 0.06311 0.01257 0.00549 0.00186 -0.00136 0.18864 0.04825 0.00306 -0.00775 0.00563 1 0 0 0 0 0.03220 0.00296 0.00241 0.00131 0.00075 0.04565 0.02162 -0.00655 -0.00190 -0.00266 1 0 0 0 0 1 0 0 0 0 1 0 0 0 0 1 0 0 0 0 1 0 0 0 0 0.05632 0.01903 0.00253 0.00370 -0.00182 0.06934 0.00988 0.00203 0.00168 0.00149 0.06311 0.01257 0.00549 0.00186 -0.00136 0.18864 0.04825 0.00306 -0.00775 0.00563 1 0 0 0 0 0.03220 0.00296 0.00241 0.00131 0.00075 0.04565 0.02162 -0.00655 -0.00190 -0.00266 1 0 0 0 0 1 0 0 0 0 1 0 0 0 0 1 0 0 0 0 1 0 0 0 0 0.05632 0.01903 0.00253 0.00370 -0.00182 0.06934 0.00988 0.00203 0.00168 0.00149 0.06311 0.01257 0.00549 0.00186 -0.00136 0.18864 0.04825 0.00306 -0.00775 0.00563 1 0 0 0 0 0.03220 0.00296 0.00241 0.00131 0.00075 0.04565 0.02162 -0.00655 -0.00190 -0.00266 1 0 0 0 0 1 0 0 0 0 1 0 0 0 0 1 0 0 0 0 1 0 0 0 0 0.05632 0.01903 0.00253 0.00370 -0.00182 0.06934 0.00988 0.00203 0.00168 0.00149 0.06311 0.01257 0.00549 0.00186 -0.00136 0.18864 0.04825 0.00306 -0.00775 0.00563 1 0 0 0 0 0.03220 0.00296 0.00241 0.00131 0.00075 0.04565 0.02162 -0.00655 -0.00190 -0.00266 1 0 0 0 0 1 0 0 0 0 1 0 0 0 0 1 0 0 0 0 1 0 0 0 0 0.05632 0.01903 0.00253 0.00370 -0.00182 0.06934 0.00988 0.00203 0.00168 0.00149 0.06311 0.01257 0.00549 0.00186 -0.00136 0.18864 0.04825 0.00306 -0.00775 0.00563 1 0 0 0 0 0.03220 0.00296 0.00241 0.00131 0.00075 0.04565 0.02162 -0.00655 -0.00190 -0.00266 1 0 0 0 0 1 0 0 0 0 1 0 0 0 0 1 0 0 0 0 1 0 0 0 0 0.05632 0.01903 0.00253 0.00370 -0.00182 0.06934 0.00988 0.00203 0.00168 0.00149 0.06311 0.01257 0.00549 0.00186 -0.00136 0.18864 0.04825 0.00306 -0.00775 0.00563 1 0 0 0 0 0.03220 0.00296 0.00241 0.00131 0.00075 0.04565 0.02162 -0.00655 -0.00190 -0.00266 1 0 0 0 0 1 0 0 0 0 1 0 0 0 0 1 0 0 0 0 1 0 0 0 0 0.05632 0.01903 0.00253 0.00370 -0.00182 0.06934 0.00988 0.00203 0.00168 0.00149 0.06311 0.01257 0.00549 0.00186 -0.00136 0.18864 0.04825 0.00306 -0.00775 0.00563 1 0 0 0 0 0.03220 0.00296 0.00241 0.00131 0.00075 0.04565 0.02162 -0.00655 -0.00190 -0.00266 1 0 0 0 0 1 0 0 0 0 1 0 0 0 0 1 0 0 0 0 1 0 0 0 0 0.05632 0.01903 0.00253 0.00370 -0.00182 0.06934 0.00988 0.00203 0.00168 0.00149 0.06311 0.01257 0.00549 0.00186 -0.00136 0.18864 0.04825 0.00306 -0.00775 0.00563 1 0 0 0 0 0.03220 0.00296 0.00241 0.00131 0.00075 0.04565 0.02162 -0.00655 -0.00190 -0.00266 1 0 0 0 0 1 0 0 0 0 1 0 0 0 0 1 0 0 0 0 1 0 0 0 0 0.05632 0.01903 0.00253 0.00370 -0.00182 0.06934 0.00988 0.00203 0.00168 0.00149 0.06311 0.01257 0.00549 0.00186 -0.00136 0.18864 0.04825 0.00306 -0.00775 0.00563 1 0 0 0 0 0.03220 0.00296 0.00241 0.00131 0.00075 0.04565 0.02162 -0.00655 -0.00190 -0.00266 1 0 0 0 0 1 0 0 0 0 1 0 0 0 0 1 0 0 0 0 1 0 0 0 0 0.05632 0.01903 0.00253 0.00370 -0.00182 0.06934 0.00988 0.00203 0.00168 0.00149 0.06311 0.01257 0.00549 0.00186 -0.00136 0.18864 0.04825 0.00306 -0.00775 0.00563 1 0 0 0 0 0.03220 0.00296 0.00241 0.00131 0.00075 0.04565 0.02162 -0.00655 -0.00190 -0.00266 1 0 0 0 0 1 0 0 0 0 1 0 0 0 0 1 0 0 0 0 1 0 0 0 0 0.05632 0.01903 0.00253 0.00370 -0.00182 0.06934 0.00988 0.00203 0.00168 0.00149 0.06311 0.01257 0.00549 0.00186 -0.00136 0.18864 0.04825 0.00306 -0.00775 0.00563 1 0 0 0 0 0.03220 0.00296 0.00241 0.00131 0.00075 0.04565 0.02162 -0.00655 -0.00190 -0.00266 1 0 0 0 0 1 0 0 0 0 1 0 0 0 0 1 0 0 0 0 1 0 0 0 0 0.05632 0.01903 0.00253 0.00370 -0.00182 0.06934 0.00988 0.00203 0.00168 0.00149 0.06311 0.01257 0.00549 0.00186 -0.00136 0.18864 0.04825 0.00306 -0.00775 0.00563 1 0 0 0 0 0.03220 0.00296 0.00241 0.00131 0.00075 0.04565 0.02162 -0.00655 -0.00190 -0.00266 1 0 0 0 0 1 0 0 0 0 1 0 0 0 0 1 0 0 0 0 1 0 0 0 0 0.05632 0.01903 0.00253 0.00370 -0.00182 0.06934 0.00988 0.00203 0.00168 0.00149 0.06311 0.01257 0.00549 0.00186 -0.00136 0.18864 0.04825 0.00306 -0.00775 0.00563 1 0 0 0 0 0.03220 0.00296 0.00241 0.00131 0.00075 0.04565 0.02162 -0.00655 -0.00190 -0.00266 1 0 0 0 0 1 0 0 0 0 1 0 0 0 0 1 0 0 0 0 1 0 0 0 0 0.05632 0.01903 0.00253 0.00370 -0.00182 0.06934 0.00988 0.00203 0.00168 0.00149 0.06311 0.01257 0.00549 0.00186 -0.00136 0.18864 0.04825 0.00306 -0.00775 0.00563 1 0 0 0 0 0.03220 0.00296 0.00241 0.00131 0.00075 0.04565 0.02162 -0.00655 -0.00190 -0.00266 1 0 0 0 0 1 0 0 0 0 1 0 0 0 0 1 0 0 0 0 1 0 0 0 0 0.05632 0.01903 0.00253 0.00370 -0.00182 0.06934 0.00988 0.00203 0.00168 0.00149 0.06311 0.01257 0.00549 0.00186 -0.00136 0.18864 0.04825 0.00306 -0.00775 0.00563 1 0 0 0 0 0.03220 0.00296 0.00241 0.00131 0.00075 0.04565 0.02162 -0.00655 -0.00190 -0.00266 1 0 0 0 0 1 0 0 0 0 1 0 0 0 0 1 0 0 0 0 1 0 0 0 0 0.05632 0.01903 0.00253 0.00370 -0.00182 0.06934 0.00988 0.00203 0.00168 0.00149 0.06311 0.01257 0.00549 0.00186 -0.00136 0.18864 0.04825 0.00306 -0.00775 0.00563 1 0 0 0 0 0.03220 0.00296 0.00241 0.00131 0.00075 0.04565 0.02162 -0.00655 -0.00190 -0.00266 1 0 0 0 0 1 0 0 0 0 1 0 0 0 0 1 0 0 0 0 1 0 0 0 0 0.05632 0.01903 0.00253 0.00370 -0.00182 0.06934 0.00988 0.00203 0.00168 0.00149 0.06311 0.01257 0.00549 0.00186 -0.00136 0.18864 0.04825 0.00306 -0.00775 0.00563 1 0 0 0 0 0.03220 0.00296 0.00241 0.00131 0.00075 0.04565 0.02162 -0.00655 -0.00190 -0.00266 1 0 0 0 0 1 0 0 0 0 1 0 0 0 0 1 0 0 0 0 1 0 0 0 0 0.05632 0.01903 0.00253 0.00370 -0.00182 0.06934 0.00988 0.00203 0.00168 0.00149 0.06311 0.01257 0.00549 0.00186 -0.00136 0.18864 0.04825 0.00306 -0.00775 0.00563 1 0 0 0 0 0.03220 0.00296 0.00241 0.00131 0.00075 0.04565 0.02162 -0.00655 -0.00190 -0.00266 1 0 0 0 0 1 0 0 0 0 1 0 0 0 0 1 0 0 0 0 1 0 0 0 0 0.05632 0.01903 0.00253 0.00370 -0.00182 0.06934 0.00988 0.00203 0.00168 0.00149 0.06311 0.01257 0.00549 0.00186 -0.00136 0.18864 0.04825 0.00306 -0.00775 0.00563 1 0 0 0 0 0.03220 0.00296 0.00241 0.00131 0.00075 0.04565 0.02162 -0.00655 -0.00190 -0.00266 1 0 0 0 0 1 0 0 0 0 1 0 0 0 0 1 0 0 0 0 1 0 0 0 0 0.05632 0.01903 0.00253 0.00370 -0.00182 0.06934 0.00988 0.00203 0.00168 0.00149 0.06311 0.01257 0.00549 0.00186 -0.00136 0.18864 0.04825 0.00306 -0.00775 0.00563 1 0 0 0 0 0.03220 0.00296 0.00241 0.00131 0.00075 0.04565 0.02162 -0.00655 -0.00190 -0.00266 1 0 0 0 0 1 0 0 0 0 1 0 0 0 0 1 0 0 0 0 1 0 0 0 0 0.05632 0.01903 0.00253 0.00370 -0.00182 0.06934 0.00988 0.00203 0.00168 0.00149 0.06311 0.01257 0.00549 0.00186 -0.00136 0.18864 0.04825 0.00306 -0.00775 0.00563 1 0 0 0 0 0.03220 0.00296 0.00241 0.00131 0.00075 0.04565 0.02162 -0.00655 -0.00190 -0.00266 1 0 0 0 0 1 0 0 0 0 1 0 0 0 0 1 0 0 0 0 1 0 0 0 0 0.05632 0.01903 0.00253 0.00370 -0.00182 0.06934 0.00988 0.00203 0.00168 0.00149 0.06311 0.01257 0.00549 0.00186 -0.00136 0.18864 0.04825 0.00306 -0.00775 0.00563 1 0 0 0 0 0.03220 0.00296 0.00241 0.00131 0.00075 0.04565 0.02162 -0.00655 -0.00190 -0.00266 1 0 0 0 0 1 0 0 0 0 1 0 0 0 0 1 0 0 0 0 1 0 0 0 0 0.05632 0.01903 0.00253 0.00370 -0.00182 0.06934 0.00988 0.00203 0.00168 0.00149 0.06311 0.01257 0.00549 0.00186 -0.00136 0.18864 0.04825 0.00306 -0.00775 0.00563 1 0 0 0 0 0.03220 0.00296 0.00241 0.00131 0.00075 0.04565 0.02162 -0.00655 -0.00190 -0.00266 1 0 0 0 0 1 0 0 0 0 1 0 0 0 0 1 0 0 0 0 1 0 0 0 0 0.05632 0.01903 0.00253 0.00370 -0.00182 0.06934 0.00988 0.00203 0.00168 0.00149 0.06311 0.01257 0.00549 0.00186 -0.00136 0.18864 0.04825 0.00306 -0.00775 0.00563 1 0 0 0 0 0.03220 0.00296 0.00241 0.00131 0.00075 0.04565 0.02162 -0.00655 -0.00190 -0.00266 1 0 0 0 0 1 0 0 0 0 1 0 0 0 0 1 0 0 0 0 1 0 0 0 0 0.05632 0.01903 0.00253 0.00370 -0.00182 0.06934 0.00988 0.00203 0.00168 0.00149 0.06311 0.01257 0.00549 0.00186 -0.00136 0.18864 0.04825 0.00306 -0.00775 0.00563 1 0 0 0 0 0.03220 0.00296 0.00241 0.00131 0.00075 0.04565 0.02162 -0.00655 -0.00190 -0.00266 1 0 0 0 0 1 0 0 0 0 1 0 0 0 0 1 0 0 0 0 1 0 0 0 0 0.05632 0.01903 0.00253 0.00370 -0.00182 0.06934 0.00988 0.00203 0.00168 0.00149 0.06311 0.01257 0.00549 0.00186 -0.00136 0.18864 0.04825 0.00306 -0.00775 0.00563 1 0 0 0 0 0.03220 0.00296 0.00241 0.00131 0.00075 0.04565 0.02162 -0.00655 -0.00190 -0.00266 1 0 0 0 0 1 0 0 0 0 1 0 0 0 0 1 0 0 0 0 1 0 0 0 0 0.05632 0.01903 0.00253 0.00370 -0.00182 0.06934 0.00988 0.00203 0.00168 0.00149 0.06311 0.01257 0.00549 0.00186 -0.00136 0.18864 0.04825 0.00306 -0.00775 0.00563 1 0 0 0 0 0.03220 0.00296 0.00241 0.00131 0.00075 0.04565 0.02162 -0.00655 -0.00190 -0.00266 1 0 0 0 0 1 0 0 0 0 1 0 0 0 0 1 0 0 0 0 1 0 0 0 0 0.05632 0.01903 0.00253 0.00370 -0.00182 0.06934 0.00988 0.00203 0.00168 0.00149 0.06311 0.01257 0.00549 0.00186 -0.00136 0.18864 0.04825 0.00306 -0.00775 0.00563 1 0 0 0 0 0.03220 0.00296 0.00241 0.00131 0.00075 0.04565 0.02162 -0.00655 -0.00190 -0.00266 1 0 0 0 0 1 0 0 0 0 1 0 0 0 0 1 0 0 0 0 1 0 0 0 0 0.05632 0.01903 0.00253 0.00370 -0.00182 0.06934 0.00988 0.00203 0.00168 0.00149 0.06311 0.01257 0.00549 0.00186 -0.00136 0.18864 0.04825 0.00306 -0.00775 0.00563 1 0 0 0 0 0.03220 0.00296 0.00241 0.00131 0.00075 0.04565 0.02162 -0.00655 -0.00190 -0.00266 1 0 0 0 0 1 0 0 0 0 1 0 0 0 0 1 0 0 0 0 1 0 0 0 0 0.05632 0.01903 0.00253 0.00370 -0.00182 0.06934 0.00988 0.00203 0.00168 0.00149 0.06311 0.01257 0.00549 0.00186 -0.00136 0.18864 0.04825 0.00306 -0.00775 0.00563 1 0 0 0 0 0.03220 0.00296 0.00241 0.00131 0.00075 0.04565 0.02162 -0.00655 -0.00190 -0.00266 1 0 0 0 0 1 0 0 0 0 1 0 0 0 0 1 0 0 0 0 1 0 0 0 0 0.05632 0.01903 0.00253 0.00370 -0.00182 0.06934 0.00988 0.00203 0.00168 0.00149 0.06311 0.01257 0.00549 0.00186 -0.00136 0.18864 0.04825 0.00306 -0.00775 0.00563 1 0 0 0 0 0.03220 0.00296 0.00241 0.00131 0.00075 0.04565 0.02162 -0.00655 -0.00190 -0.00266 1 0 0 0 0 1 0 0 0 0 1 0 0 0 0 1 0 0 0 0 1 0 0 0 0 0.05632 0.01903 0.00253 0.00370 -0.00182 0.06934 0.00988 0.00203 0.00168 0.00149 0.06311 0.01257 0.00549 0.00186 -0.00136 0.18864 0.04825 0.00306 -0.00775 0.00563 1 0 0 0 0 0.03220 0.00296 0.00241 0.00131 0.00075 0.04565 0.02162 -0.00655 -0.00190 -0.00266 1 0 0 0 0 1 0 0 0 0 1 0 0 0 0 1 0 0 0 0 1 0 0 0 0 0.05632 0.01903 0.00253 0.00370 -0.00182 0.06934 0.00988 0.00203 0.00168 0.00149 0.06311 0.01257 0.00549 0.00186 -0.00136 0.18864 0.04825 0.00306 -0.00775 0.00563 1 0 0 0 0 0.03220 0.00296 0.00241 0.00131 0.00075 0.04565 0.02162 -0.00655 -0.00190 -0.00266 1 0 0 0 0 1 0 0 0 0 1 0 0 0 0 1 0 0 0 0 1 0 0 0 0 0.05632 0.01903 0.00253 0.00370 -0.00182 0.06934 0.00988 0.00203 0.00168 0.00149 0.06311 0.01257 0.00549 0.00186 -0.00136 0.18864 0.04825 0.00306 -0.00775 0.00563 1 0 0 0 0 0.03220 0.00296 0.00241 0.00131 0.00075 0.04565 0.02162 -0.00655 -0.00190 -0.00266 1 0 0 0 0 1 0 0 0 0 1 0 0 0 0 1 0 0 0 0 1 0 0 0 0 1 0 0 0 0 0 0 0 0 0 1 0 0 0 0 1 0 0 0 0 1 0 0 0 0 1 0 0 0 0 1 0 0 0 0 1 0 0 0 0 1 0 0 0 0 1 0 0 0 0 1 0 0 0 0 1 0 0 0 0 1 0 0 0 0 0 0 0 0 0 1 0 0 0 0 1 0 0 0 0 1 0 0 0 0 1 0 0 0 0 1 0 0 0 0 1 0 0 0 0 1 0 0 0 0 1 0 0 0 0 1 0 0 0 0 1 0 0 0 0 1 0 0 0 0 0 0 0 0 0 1 0 0 0 0 1 0 0 0 0 1 0 0 0 0 1 0 0 0 0 1 0 0 0 0 1 0 0 0 0 1 0 0 0 0 1 0 0 0 0 1 0 0 0 0 1 0 0 0 0 1 0 0 0 0 0 0 0 0 0 1 0 0 0 0 1 0 0 0 0 1 0 0 0 0 1 0 0 0 0 1 0 0 0 0 1 0 0 0 0 1 0 0 0 0 1 0 0 0 0 1 0 0 0 0 1 0 0 0 0 1 0 0 0 0 0 0 0 0 0 1 0 0 0 0 1 0 0 0 0 1 0 0 0 0 1 0 0 0 0 1 0 0 0 0 1 0 0 0 0 1 0 0 0 0 1 0 0 0 0 1 0 0 0 0 1 0 0 0 0 1 0 0 0 0 0 0 0 0 0 1 0 0 0 0 1 0 0 0 0 1 0 0 0 0 1 0 0 0 0 1 0 0 0 0 1 0 0 0 0 1 0 0 0 0 1 0 0 0 0 1 0 0 0 0 1 0 0 0 0 1 0 0 0 0 0 0 0 0 0 1 0 0 0 0 1 0 0 0 0 1 0 0 0 0 1 0 0 0 0 1 0 0 0 0 1 0 0 0 0 1 0 0 0 0 1 0 0 0 0 1 0 0 0 0 1 0 0 0 0 1 0 0 0 0 0 0 0 0 0 1 0 0 0 0 1 0 0 0 0 1 0 0 0 0 1 0 0 0 0 1 0 0 0 0 1 0 0 0 0 1 0 0 0 0 1 0 0 0 0 1 0 0 0 0 1 0 0 0 0 1 0 0 0 0 0 0 0 0 0 1 0 0 0 0 1 0 0 0 0 1 0 0 0 0 1 0 0 0 0 1 0 0 0 0 1 0 0 0 0 1 0 0 0 0 1 0 0 0 0 1 0 0 0 0 1 0 0 0 0 1 0 0 0 0 0 0 0 0 0 1 0 0 0 0 1 0 0 0 0 1 0 0 0 0 1 0 0 0 0 1 0 0 0 0 1 0 0 0 0 1 0 0 0 0 1 0 0 0 0 1 0 0 0 0 1 0 0 0 0 1 0 0 0 0 0 0 0 0 0 1 0 0 0 0 1 0 0 0 0 1 0 0 0 0 1 0 0 0 0 1 0 0 0 0 1 0 0 0 0 1 0 0 0 0 1 0 0 0 0 1 0 0 0 0 1 0 0 0 0 1 0 0 0 0 0 0 0 0 0 1 0 0 0 0 1 0 0 0 0 1 0 0 0 0 1 0 0 0 0 1 0 0 0 0 1 0 0 0 0 1 0 0 0 0 1 0 0 0 0 1 0 0 0 0 1 0 0 0 0 1 0 0 0 0 0 0 0 0 0 1 0 0 0 0 1 0 0 0 0 1 0 0 0 0 1 0 0 0 0 1 0 0 0 0 1 0 0 0 0 1 0 0 0 0 1 0 0 0 0 1 0 0 0 0 1 0 0 0 0 1 0 0 0 0 0 0 0 0 0 1 0 0 0 0 1 0 0 0 0 1 0 0 0 0 1 0 0 0 0 1 0 0 0 0 1 0 0 0 0 1 0 0 0 0 1 0 0 0 0 1 0 0 0 0 1 0 0 0 0 1 0 0 0 0 0 0 0 0 0 1 0 0 0 0 1 0 0 0 0 1 0 0 0 0 1 0 0 0 0 1 0 0 0 0 1 0 0 0 0 1 0 0 0 0 1 0 0 0 0 1 0 0 0 0 1 0 0 0 0 1 0 0 0 0 0 0 0 0 0 1 0 0 0 0 1 0 0 0 0 1 0 0 0 0 1 0 0 0 0 1 0 0 0 0 1 0 0 0 0 1 0 0 0 0 1 0 0 0 0 1 0 0 0 0 1 0 0 0 0 1 0 0 0 0 1 0 0 0 0 1 0 0 0 0 1 0 0 0 0 1 0 0 0 0 1 0 0 0 0 1 0 0 0 0 1 0 0 0 0 1 0 0 0 0 1 0 0 0 0 1 0 0 0 0 1 0 0 0 0 1 0 0 0 0 1 0 0 0 0 1 0 0 0 0 1 0 0 0 0 1 0 0 0 0 1 0 0 0 0 1 0 0 0 0 1 0 0 0 0 1 0 0 0 0 1 0 0 0 0 1 0 0 0 0 1 0 0 0 0 1 0 0 0 0 1 0 0 0 0 1 0 0 0 0 1 0 0 0 0 1 0 0 0 0 1 0 0 0 0 1 0 0 0 0 1 0 0 0 0 1 0 0 0 0 1 0 0 0 0 1 0 0 0 0 1 0 0 0 0 1 0 0 0 0 1 0 0 0 0 1 0 0 0 0 1 0 0 0 0 1 0 0 0 0 1 0 0 0 0 1 0 0 0 0 1 0 0 0 0 1 0 0 0 0 1 0 0 0 0 1 0 0 0 0 1 0 0 0 0 1 0 0 0 0 1 0 0 0 0 1 0 0 0 0 1 0 0 0 0 1 0 0 0 0 1 0 0 0 0 1 0 0 0 0 1 0 0 0 0 1 0 0 0 0 1 0 0 0 0 1 0 0 0 0 1 0 0 0 0 1 0 0 0 0 1 0 0 0 0 1 0 0 0 0 1 0 0 0 0 1 0 0 0 0 1 0 0 0 0 1 0 0 0 0 1 0 0 0 0 1 0 0 0 0 1 0 0 0 0 1 0 0 0 0 1 0 0 0 0 1 0 0 0 0 1 0 0 0 0 1 0 0 0 0 1 0 0 0 0 1 0 0 0 0 1 0 0 0 0 1 0 0 0 0 1 0 0 0 0 1 0 0 0 0 1 0 0 0 0 1 0 0 0 0 1 0 0 0 0 1 0 0 0 0 1 0 0 0 0 1 0 0 0 0 1 0 0 0 0 1 0 0 0 0 1 0 0 0 0 1 0 0 0 0 1 0 0 0 0 1 0 0 0 0 1 0 0 0 0 1 0 0 0 0 1 0 0 0 0 1 0 0 0 0 1 0 0 0 0 1 0 0 0 0 1 0 0 0 0 1 0 0 0 0 1 0 0 0 0 1 0 0 0 0 1 0 0 0 0 1 0 0 0 0 1 0 0 0 0 1 0 0 0 0 1 0 0 0 0 1 0 0 0 0 1 0 0 0 0 1 0 0 0 0 1 0 0 0 0 1 0 0 0 0 1 0 0 0 0 1 0 0 0 0 1 0 0 0 0 1 0 0 0 0 1 0 0 0 0 1 0 0 0 0 1 0 0 0 0 1 0 0 0 0 1 0 0 0 0 1 0 0 0 0 1 0 0 0 0 1 0 0 0 0 1 0 0 0 0 1 0 0 0 0 1 0 0 0 0 1 0 0 0 0 1 0 0 0 0 1 0 0 0 0 1 0 0 0 0 1 0 0 0 0 1 0 0 0 0 1 0 0 0 0 1 0 0 0 0 1 0 0 0 0 1 0 0 0 0 1 0 0 0 0 1 0 0 0 0 1 0 0 0 0 1 0 0 0 0 1 0 0 0 0 1 0 0 0 0 1 0 0 0 0 1 0 0 0 0 1 0 0 0 0 1 0 0 0 0 1 0 0 0 0 1 0 0 0 0 1 0 0 0 0 1 0 0 0 0 1 0 0 0 0 1 0 0 0 0 1 0 0 0 0 1 0 0 0 0 1 0 0 0 0 1 0 0 0 0 1 0 0 0 0 1 0 0 0 0 1 0 0 0 0 1 0 0 0 0 1 0 0 0 0 1 0 0 0 0 1 0 0 0 0 1 0 0 0 0 1 0 0 0 0 1 0 0 0 0 1 0 0 0 0 1 0 0 0 0 1 0 0 0 0 1 0 0 0 0 1 0 0 0 0 1 0 0 0 0 1 0 0 0 0 1 0 0 0 0 1 0 0 0 0 1 0 0 0 0 1 0 0 0 0 1 0 0 0 0 1 0 0 0 0 1 0 0 0 0 1 0 0 0 0 1 0 0 0 0 1 0 0 0 0 1 0 0 0 0 1 0 0 0 0 1 0 0 0 0 1 0 0 0 0 1 0 0 0 0 1 0 0 0 0 1 0 0 0 0 1 0 0 0 0 1 0 0 0 0 1 0 0 0 0 1 0 0 0 0 1 0 0 0 0 1 0 0 0 0 1 0 0 0 0 1 0 0 0 0 1 0 0 0 0 1 0 0 0 0 1 0 0 0 0 1 0 0 0 0 1 0 0 0 0 1 0 0 0 0 1 0 0 0 0 1 0 0 0 0 1 0 0 0 0 1 0 0 0 0 1 0 0 0 0 1 0 0 0 0 1 0 0 0 0 1 0 0 0 0 1 0 0 0 0 1 0 0 0 0 1 0 0 0 0 1 0 0 0 0 1 0 0 0 0 1 0 0 0 0 1 0 0 0 0 1 0 0 0 0 1 0 0 0 0 1 0 0 0 0 1 0 0 0 0 1 0 0 0 0 1 0 0 0 0 1 0 0 0 0 1 0 0 0 0 1 0 0 0 0 1 0 0 0 0 1 0 0 0 0 1 0 0 0 0 1 0 0 0 0 1 0 0 0 0 1 0 0 0 0 1 0 0 0 0 1 0 0 0 0 1 0 0 0 0 1 0 0 0 0 1 0 0 0 0 1 0 0 0 0 1 0 0 0 0 1 0 0 0 0 1 0 0 0 0 1 0 0 0 0 1 0 0 0 0 1 0 0 0 0 1 0 0 0 0 1 0 0 0 0 1 0 0 0 0 1 0 0 0 0 1 0 0 0 0 1 0 0 0 0 1 0 0 0 0 1 0 0 0 0 1 0 0 0 0 1 0 0 0 0 1 0 0 0 0 1 0 0 0 0 1 0 0 0 0 1 0 0 0 0 1 0 0 0 0 1 0 0 0 0 1 0 0 0 0 1 0 0 0 0 1 0 0 0 0 1 0 0 0 0 1 0 0 0 0 1 0 0 0 0 1 0 0 0 0 1 0 0 0 0 1 0 0 0 0 1 0 0 0 0 1 0 0 0 0 1 0 0 0 0 1 0 0 0 0 1 0 0 0 0 1 0 0 0 0 1 0 0 0 0 1 0 0 0 0 1 0 0 0 0 1 0 0 0 0 1 0 0 0 0 1 0 0 0 0 1 0 0 0 0 1 0 0 0 0 1 0 0 0 0 1 0 0 0 0 1 0 0 0 0 1 0 0 0 0 1 0 0 0 0 1 0 0 0 0 1 0 0 0 0 1 0 0 0 0 1 0 0 0 0 1 0 0 0 0 1 0 0 0 0 1 0 0 0 0 1 0 0 0 0 1 0 0 0 0 1 0 0 0 0 1 0 0 0 0 1 0 0 0 0 1 0 0 0 0 1 0 0 0 0 1 0 0 0 0 1 0 0 0 0 1 0 0 0 0 1 0 0 0 0 1 0 0 0 0 1 0 0 0 0 1 0 0 0 0 1 0 0 0 0 1 0 0 0 0 1 0 0 0 0 1 0 0 0 0 1 0 0 0 0 1 0 0 0 0 1 0 0 0 0 1 0 0 0 0 1 0 0 0 0 1 0 0 0 0 1 0 0 0 0 1 0 0 0 0 1 0 0 0 0 1 0 0 0 0 1 0 0 0 0 1 0 0 0 0 1 0 0 0 0 1 0 0 0 0 1 0 0 0 0 1 0 0 0 0 1 0 0 0 0 1 0 0 0 0 1 0 0 0 0 1 0 0 0 0 1 0 0 0 0 1 0 0 0 0 1 0 0 0 0 1 0 0 0 0 1 0 0 0 0 1 0 0 0 0 1 0 0 0 0 1 0 0 0 0 1 0 0 0 0 1 0 0 0 0 1 0 0 0 0 1 0 0 0 0 1 0 0 0 0 1 0 0 0 0 1 0 0 0 0 1 0 0 0 0 1 0 0 0 0 1 0 0 0 0 1 0 0 0 0 1 0 0 0 0 1 0 0 0 0 1 0 0 0 0 1 0 0 0 0 1 0 0 0 0 1 0 0 0 0 1 0 0 0 0 1 0 0 0 0 1 0 0 0 0 1 0 0 0 0 1 0 0 0 0 1 0 0 0 0 1 0 0 0 0 1 0 0 0 0 1 0 0 0 0 1 0 0 0 0 1 0 0 0 0 1 0 0 0 0 1 0 0 0 0 1 0 0 0 0 1 0 0 0 0 1 0 0 0 0 1 0 0 0 0 1 0 0 0 0 1 0 0 0 0 1 0 0 0 0 1 0 0 0 0 1 0 0 0 0 1 0 0 0 0 1 0 0 0 0 1 0 0 0 0 1 0 0 0 0 1 0 0 0 0 1 0 0 0 0 1 0 0 0 0 1 0 0 0 0 1 0 0 0 0 1 0 0 0 0 1 0 0 0 0 1 0 0 0 0 1 0 0 0 0 1 0 0 0 0 1 0 0 0 0 1 0 0 0 0 1 0 0 0 0 1 0 0 0 0 1 0 0 0 0 1 0 0 0 0 1 0 0 0 0 1 0 0 0 0 1 0 0 0 0 1 0 0 0 0 1 0 0 0 0 1 0 0 0 0 1 0 0 0 0 1 0 0 0 0 1 0 0 0 0 1 0 0 0 0 1 0 0 0 0 1 0 0 0 0 1 0 0 0 0 1 0 0 0 0 1 0 0 0 0 1 0 0 0 0 1 0 0 0 0 1 0 0 0 0 1 0 0 0 0 1 0 0 0 0 1 0 0 0 0 1 0 0 0 0 1 0 0 0 0 1 0 0 0 0 1 0 0 0 0 1 0 0 0 0 1 0 0 0 0 1 0 0 0 0 1 0 0 0 0 1 0 0 0 0 1 0 0 0 0 1 0 0 0 0 1 0 0 0 0 1 0 0 0 0 1 0 0 0 0 1 0 0 0 0 1 0 0 0 0 1 0 0 0 0 1 0 0 0 0 1 0 0 0 0 1 0 0 0 0 1 0 0 0 0 1 0 0 0 0 1 0 0 0 0 1 0 0 0 0 1 0 0 0 0 1 0 0 0 0 1 0 0 0 0 1 0 0 0 0 1 0 0 0 0 1 0 0 0 0 1 0 0 0 0 1 0 0 0 0 1 0 0 0 0 1 0 0 0 0 1 0 0 0 0 1 0 0 0 0 1 0 0 0 0 1 0 0 0 0 1 0 0 0 0 1 0 0 0 0 1 0 0 0 0 1 0 0 0 0 1 0 0 0 0 1 0 0 0 0 1 0 0 0 0 1 0 0 0 0 1 0 0 0 0 1 0 0 0 0 1 0 0 0 0 1 0 0 0 0 1 0 0 0 0 1 0 0 0 0 1 0 0 0 0 1 0 0 0 0 1 0 0 0 0 1 0 0 0 0 1 0 0 0 0 1 0 0 0 0 1 0 0 0 0 1 0 0 0 0 1 0 0 0 0 1 0 0 0 0 1 0 0 0 0 1 0 0 0 0 1 0 0 0 0 1 0 0 0 0 1 0 0 0 0 1 0 0 0 0 1 0 0 0 0 1 0 0 0 0 1 0 0 0 0 1 0 0 0 0 1 0 0 0 0 1 0 0 0 0 1 0 0 0 0 1 0 0 0 0 1 0 0 0 0 1 0 0 0 0 1 0 0 0 0 1 0 0 0 0 1 0 0 0 0 1 0 0 0 0 1 0 0 0 0 1 0 0 0 0 1 0 0 0 0 1 0 0 0 0 1 0 0 0 0 1 0 0 0 0 1 0 0 0 0 1 0 0 0 0 1 0 0 0 0 1 0 0 0 0 1 0 0 0 0 1 0 0 0 0 1 0 0 0 0 1 0 0 0 0 1 0 0 0 0 1 0 0 0 0 1 0 0 0 0 1 0 0 0 0 1 0 0 0 0 1 0 0 0 0 1 0 0 0 0 1 0 0 0 0 1 0 0 0 0 1 0 0 0 0 1 0 0 0 0 1 0 0 0 0 1 0 0 0 0 1 0 0 0 0 1 0 0 0 0 1 0 0 0 0 1 0 0 0 0 1 0 0 0 0 1 0 0 0 0 1 0 0 0 0 1 0 0 0 0 1 0 0 0 0 1 0 0 0 0 1 0 0 0 0 1 0 0 0 0 1 0 0 0 0 1 0 0 0 0 1 0 0 0 0 1 0 0 0 0 1 0 0 0 0 1 0 0 0 0 1 0 0 0 0 1 0 0 0 0 1 0 0 0 0 1 0 0 0 0 1 0 0 0 0 1 0 0 0 0 1 0 0 0 0 1 0 0 0 0 1 0 0 0 0 1 0 0 0 0 1 0 0 0 0 1 0 0 0 0 1 0 0 0 0 1 0 0 0 0 1 0 0 0 0 1 0 0 0 0 1 0 0 0 0 1 0 0 0 0 1 0 0 0 0 1 0 0 0 0 1 0 0 0 0 1 0 0 0 0 1 0 0 0 0 1 0 0 0 0 1 0 0 0 0 1 0 0 0 0 1 0 0 0 0 1 0 0 0 0 1 0 0 0 0 1 0 0 0 0 1 0 0 0 0 1 0 0 0 0 1 0 0 0 0 1 0 0 0 0 1 0 0 0 0 1 0 0 0 0 1 0 0 0 0 1 0 0 0 0 1 0 0 0 0 1 0 0 0 0 1 0 0 0 0 1 0 0 0 0 1 0 0 0 0 1 0 0 0 0 1 0 0 0 0 1 0 0 0 0 1 0 0 0 0 1 0 0 0 0 1 0 0 0 0 1 0 0 0 0 1 0 0 0 0 1 0 0 0 0 1 0 0 0 0 1 0 0 0 0 1 0 0 0 0 1 0 0 0 0 1 0 0 0 0 1 0 0 0 0 1 0 0 0 0 1 0 0 0 0 1 0 0 0 0 1 0 0 0 0 1 0 0 0 0 1 0 0 0 0 1 0 0 0 0 1 0 0 0 0 1 0 0 0 0 1 0 0 0 0 1 0 0 0 0 1 0 0 0 0 1 0 0 0 0 1 0 0 0 0 1 0 0 0 0 1 0 0 0 0 1 0 0 0 0 1 0 0 0 0 1 0 0 0 0 1 0 0 0 0 1 0 0 0 0 1 0 0 0 0 1 0 0 0 0 1 0 0 0 0 1 0 0 0 0 1 0 0 0 0 1 0 0 0 0 1 0 0 0 0 1 0 0 0 0 1 0 0 0 0 1 0 0 0 0 1 0 0 0 0 1 0 0 0 0 1 0 0 0 0 1 0 0 0 0 1 0 0 0 0 1 0 0 0 0 1 0 0 0 0 1 0 0 0 0 1 0 0 0 0 1 0 0 0 0 1 0 0 0 0 1 0 0 0 0 1 0 0 0 0 1 0 0 0 0 1 0 0 0 0 1 0 0 0 0 1 0 0 0 0 1 0 0 0 0 1 0 0 0 0 1 0 0 0 0 1 0 0 0 0 1 0 0 0 0 1 0 0 0 0 1 0 0 0 0 1 0 0 0 0 1 0 0 0 0 1 0 0 0 0 1 0 0 0 0 1 0 0 0 0 1 0 0 0 0 1 0 0 0 0 1 0 0 0 0 1 0 0 0 0 1 0 0 0 0 1 0 0 0 0 1 0 0 0 0 1 0 0 0 0 1 0 0 0 0 1 0 0 0 0 1 0 0 0 0 1 0 0 0 0 1 0 0 0 0 1 0 0 0 0 1 0 0 0 0 1 0 0 0 0 1 0 0 0 0 1 0 0 0 0 1 0 0 0 0 1 0 0 0 0 1 0 0 0 0 1 0 0 0 0 1 0 0 0 0 1 0 0 0 0 1 0 0 0 0 1 0 0 0 0 1 0 0 0 0 1 0 0 0 0 1 0 0 0 0 1 0 0 0 0 1 0 0 0 0 1 0 0 0 0 1 0 0 0 0 1 0 0 0 0 1 0 0 0 0 1 0 0 0 0 1 0 0 0 0 1 0 0 0 0 1 0 0 0 0 1 0 0 0 0 1 0 0 0 0 1 0 0 0 0 1 0 0 0 0 1 0 0 0 0 1 0 0 0 0 1 0 0 0 0 1 0 0 0 0 1 0 0 0 0 1 0 0 0 0 1 0 0 0 0 1 0 0 0 0 1 0 0 0 0 1 0 0 0 0 1 0 0 0 0 1 0 0 0 0 1 0 0 0 0 1 0 0 0 0 1 0 0 0 0 1 0 0 0 0 1 0 0 0 0 1 0 0 0 0 1 0 0 0 0 1 0 0 0 0 1 0 0 0 0 1 0 0 0 0 1 0 0 0 0 1 0 0 0 0 1 0 0 0 0 1 0 0 0 0 1 0 0 0 0 1 0 0 0 0 1 0 0 0 0 1 0 0 0 0 1 0 0 0 0 1 0 0 0 0 1 0 0 0 0 1 0 0 0 0 1 0 0 0 0 1 0 0 0 0 1 0 0 0 0 1 0 0 0 0 1 0 0 0 0 1 0 0 0 0 1 0 0 0 0 1 0 0 0 0 1 0 0 0 0 1 0 0 0 0 1 0 0 0 0 1 0 0 0 0 1 0 0 0 0 1 0 0 0 0 1 0 0 0 0 1 0 0 0 0 1 0 0 0 0 1 0 0 0 0 1 0 0 0 0 1 0 0 0 0 1 0 0 0 0 1 0 0 0 0 1 0 0 0 0 1 0 0 0 0 1 0 0 0 0 1 0 0 0 0 1 0 0 0 0 1 0 0 0 0 1 0 0 0 0 1 0 0 0 0 1 0 0 0 0 1 0 0 0 0 1 0 0 0 0 1 0 0 0 0 1 0 0 0 0 1 0 0 0 0 1 0 0 0 0 1 0 0 0 0 1 0 0 0 0 1 0 0 0 0 1 0 0 0 0 1 0 0 0 0 1 0 0 0 0 1 0 0 0 0 1 0 0 0 0 1 0 0 0 0 1 0 0 0 0 1 0 0 0 0 1 0 0 0 0 1 0 0 0 0 1 0 0 0 0 1 0 0 0 0 1 0 0 0 0 1 0 0 0 0 1 0 0 0 0 1 0 0 0 0 1 0 0 0 0 1 0 0 0 0 1 0 0 0 0 1 0 0 0 0 1 0 0 0 0 1 0 0 0 0 1 0 0 0 0 1 0 0 0 0 1 0 0 0 0 1 0 0 0 0 1 0 0 0 0 1 0 0 0 0 1 0 0 0 0 1 0 0 0 0 1 0 0 0 0 1 0 0 0 0 1 0 0 0 0 1 0 0 0 0 1 0 0 0 0 1 0 0 0 0 1 0 0 0 0 1 0 0 0 0 1 0 0 0 0 1 0 0 0 0 1 0 0 0 0 1 0 0 0 0 1 0 0 0 0 1 0 0 0 0 1 0 0 0 0 1 0 0 0 0 1 0 0 0 0 1 0 0 0 0 1 0 0 0 0 1 0 0 0 0 1 0 0 0 0 1 0 0 0 0 1 0 0 0 0 1 0 0 0 0 1 0 0 0 0 1 0 0 0 0 1 0 0 0 0 1 0 0 0 0 1 0 0 0 0 1 0 0 0 0 1 0 0 0 0 1 0 0 0 0 1 0 0 0 0 1 0 0 0 0 1 0 0 0 0 1 0 0 0 0 1 0 0 0 0 1 0 0 0 0 1 0 0 0 0 1 0 0 0 0 1 0 0 0 0 1 0 0 0 0 1 0 0 0 0 1 0 0 0 0 1 0 0 0 0 1 0 0 0 0 1 0 0 0 0 1 0 0 0 0 1 0 0 0 0 1 0 0 0 0 1 0 0 0 0 1 0 0 0 0 1 0 0 0 0 1 0 0 0 0 1 0 0 0 0 1 0 0 0 0 1 0 0 0 0 1 0 0 0 0 1 0 0 0 0 1 0 0 0 0 1 0 0 0 0 1 0 0 0 0 1 0 0 0 0 1 0 0 0 0 1 0 0 0 0 1 0 0 0 0 1 0 0 0 0 1 0 0 0 0 1 0 0 0 0 1 0 0 0 0 1 0 0 0 0 1 0 0 0 0 1 0 0 0 0 1 0 0 0 0 1 0 0 0 0 1 0 0 0 0 1 0 0 0 0 1 0 0 0 0 1 0 0 0 0 1 0 0 0 0 1 0 0 0 0 1 0 0 0 0 1 0 0 0 0 1 0 0 0 0 1 0 0 0 0 1 0 0 0 0 1 0 0 0 0 1 0 0 0 0 1 0 0 0 0 1 0 0 0 0 1 0 0 0 0 1 0 0 0 0 1 0 0 0 0 1 0 0 0 0 1 0 0 0 0 1 0 0 0 0 1 0 0 0 0 1 0 0 0 0 1 0 0 0 0 1 0 0 0 0 1 0 0 0 0 1 0 0 0 0 1 0 0 0 0 1 0 0 0 0 1 0 0 0 0 1 0 0 0 0 1 0 0 0 0 1 0 0 0 0 1 0 0 0 0 1 0 0 0 0 1 0 0 0 0 1 0 0 0 0 1 0 0 0 0 1 0 0 0 0 1 0 0 0 0 1 0 0 0 0 1 0 0 0 0 1 0 0 0 0 1 0 0 0 0 1 0 0 0 0 1 0 0 0 0 1 0 0 0 0 1 0 0 0 0 1 0 0 0 0 1 0 0 0 0 1 0 0 0 0 1 0 0 0 0 1 0 0 0 0 1 0 0 0 0 1 0 0 0 0 1 0 0 0 0 1 0 0 0 0 1 0 0 0 0 1 0 0 0 0 1 0 0 0 0 1 0 0 0 0 1 0 0 0 0 1 0 0 0 0 1 0 0 0 0 1 0 0 0 0 1 0 0 0 0 1 0 0 0 0 1 0 0 0 0 1 0 0 0 0 1 0 0 0 0 1 0 0 0 0 1 0 0 0 0 1 0 0 0 0 1 0 0 0 0 1 0 0 0 0 1 0 0 0 0 1 0 0 0 0 1 0 0 0 0 1 0 0 0 0 1 0 0 0 0 1 0 0 0 0 1 0 0 0 0 1 0 0 0 0 1 0 0 0 0 1 0 0 0 0 1 0 0 0 0 1 0 0 0 0 1 0 0 0 0 1 0 0 0 0 1 0 0 0 0 1 0 0 0 0 1 0 0 0 0 1 0 0 0 0 1 0 0 0 0 1 0 0 0 0 1 0 0 0 0 1 0 0 0 0 1 0 0 0 0 1 0 0 0 0 1 0 0 0 0 1 0 0 0 0 1 0 0 0 0 1 0 0 0 0 1 0 0 0 0 1 0 0 0 0 1 0 0 0 0 1 0 0 0 0 1 0 0 0 0 1 0 0 0 0 1 0 0 0 0 1 0 0 0 0 1 0 0 0 0 1 0 0 0 0 1 0 0 0 0 1 0 0 0 0 1 0 0 0 0 1 0 0 0 0 1 0 0 0 0 1 0 0 0 0 1 0 0 0 0 1 0 0 0 0 1 0 0 0 0 1 0 0 0 0 1 0 0 0 0 1 0 0 0 0 1 0 0 0 0 1 0 0 0 0 1 0 0 0 0 1 0 0 0 0 1 0 0 0 0 1 0 0 0 0 1 0 0 0 0 1 0 0 0 0 1 0 0 0 0 1 0 0 0 0 1 0 0 0 0 1 0 0 0 0 1 0 0 0 0 1 0 0 0 0 1 0 0 0 0 1 0 0 0 0 1 0 0 0 0 1 0 0 0 0 1 0 0 0 0 1 0 0 0 0 1 0 0 0 0 1 0 0 0 0 1 0 0 0 0 1 0 0 0 0 1 0 0 0 0 1 0 0 0 0 1 0 0 0 0 1 0 0 0 0 1 0 0 0 0 1 0 0 0 0 1 0 0 0 0 1 0 0 0 0 1 0 0 0 0 1 0 0 0 0 1 0 0 0 0 1 0 0 0 0 1 0 0 0 0 1 0 0 0 0 1 0 0 0 0 1 0 0 0 0 1 0 0 0 0 1 0 0 0 0 1 0 0 0 0 1 0 0 0 0 1 0 0 0 0 1 0 0 0 0 1 0 0 0 0 1 0 0 0 0 1 0 0 0 0 1 0 0 0 0 1 0 0 0 0 1 0 0 0 0 1 0 0 0 0 1 0 0 0 0 1 0 0 0 0 1 0 0 0 0 1 0 0 0 0 1 0 0 0 0 1 0 0 0 0 1 0 0 0 0 1 0 0 0 0 1 0 0 0 0 1 0 0 0 0 1 0 0 0 0 1 0 0 0 0 1 0 0 0 0 1 0 0 0 0 1 0 0 0 0 1 0 0 0 0 1 0 0 0 0 1 0 0 0 0 1 0 0 0 0 1 0 0 0 0 1 0 0 0 0 1 0 0 0 0 1 0 0 0 0 1 0 0 0 0 1 0 0 0 0 1 0 0 0 0 1 0 0 0 0 1 0 0 0 0 1 0 0 0 0 1 0 0 0 0 1 0 0 0 0 1 0 0 0 0 1 0 0 0 0 1 0 0 0 0 1 0 0 0 0 1 0 0 0 0 1 0 0 0 0 1 0 0 0 0 1 0 0 0 0 1 0 0 0 0 1 0 0 0 0 1 0 0 0 0 1 0 0 0 0 1 0 0 0 0 1 0 0 0 0 1 0 0 0 0 1 0 0 0 0 1 0 0 0 0 1 0 0 0 0 1 0 0 0 0 1 0 0 0 0 1 0 0 0 0 1 0 0 0 0 1 0 0 0 0 1 0 0 0 0 1 0 0 0 0 1 0 0 0 0 1 0 0 0 0 1 0 0 0 0 1 0 0 0 0 1 0 0 0 0 1 0 0 0 0 1 0 0 0 0 1 0 0 0 0 1 0 0 0 0 1 0 0 0 0 1 0 0 0 0 1 0 0 0 0 1 0 0 0 0 1 0 0 0 0 1 0 0 0 0 1 0 0 0 0 1 0 0 0 0 1 0 0 0 0 1 0 0 0 0 1 0 0 0 0 1 0 0 0 0 1 0 0 0 0 1 0 0 0 0 1 0 0 0 0 1 0 0 0 0 1 0 0 0 0 1 0 0 0 0 1 0 0 0 0 1 0 0 0 0 1 0 0 0 0 1 0 0 0 0 1 0 0 0 0 1 0 0 0 0 1 0 0 0 0 1 0 0 0 0 1 0 0 0 0 1 0 0 0 0 1 0 0 0 0 1 0 0 0 0 1 0 0 0 0 1 0 0 0 0 1 0 0 0 0 1 0 0 0 0 1 0 0 0 0 1 0 0 0 0 1 0 0 0 0 1 0 0 0 0 1 0 0 0 0 1 0 0 0 0 1 0 0 0 0 1 0 0 0 0 1 0 0 0 0 1 0 0 0 0 1 0 0 0 0 1 0 0 0 0 1 0 0 0 0 1 0 0 0 0 1 0 0 0 0 1 0 0 0 0 1 0 0 0 0 1 0 0 0 0 1 0 0 0 0 1 0 0 0 0 1 0 0 0 0 1 0 0 0 0 1 0 0 0 0 1 0 0 0 0 1 0 0 0 0 1 0 0 0 0 1 0 0 0 0 1 0 0 0 0 1 0 0 0 0 1 0 0 0 0 1 0 0 0 0 1 0 0 0 0 1 0 0 0 0 1 0 0 0 0 1 0 0 0 0 1 0 0 0 0 1 0 0 0 0 1 0 0 0 0 1 0 0 0 0 1 0 0 0 0 1 0 0 0 0 1 0 0 0 0 1 0 0 0 0 1 0 0 0 0 1 0 0 0 0 1 0 0 0 0 1 0 0 0 0 1 0 0 0 0 1 0 0 0 0 1 0 0 0 0 1 0 0 0 0 1 0 0 0 0 1 0 0 0 0 1 0 0 0 0 1 0 0 0 0 1 0 0 0 0 1 0 0 0 0 1 0 0 0 0 1 0 0 0 0 1 0 0 0 0 1 0 0 0 0 1 0 0 0 0 1 0 0 0 0 1 0 0 0 0 1 0 0 0 0 1 0 0 0 0 1 0 0 0 0 1 0 0 0 0 1 0 0 0 0 1 0 0 0 0 1 0 0 0 0 1 0 0 0 0 1 0 0 0 0 1 0 0 0 0 1 0 0 0 0 1 0 0 0 0 1 0 0 0 0 1 0 0 0 0 1 0 0 0 0 1 0 0 0 0 1 0 0 0 0 1 0 0 0 0 1 0 0 0 0 1 0 0 0 0 1 0 0 0 0 1 0 0 0 0 1 0 0 0 0 1 0 0 0 0 1 0 0 0 0 1 0 0 0 0 1 0 0 0 0 1 0 0 0 0 1 0 0 0 0 1 0 0 0 0 1 0 0 0 0 1 0 0 0 0 1 0 0 0 0 1 0 0 0 0 1 0 0 0 0 1 0 0 0 0 1 0 0 0 0 1 0 0 0 0 1 0 0 0 0 1 0 0 0 0 1 0 0 0 0 1 0 0 0 0 1 0 0 0 0 1 0 0 0 0 1 0 0 0 0 1 0 0 0 0 1 0 0 0 0 1 0 0 0 0 1 0 0 0 0 1 0 0 0 0 1 0 0 0 0 1 0 0 0 0 1 0 0 0 0 1 0 0 0 0 1 0 0 0 0 1 0 0 0 0 1 0 0 0 0 1 0 0 0 0 1 0 0 0 0 1 0 0 0 0 1 0 0 0 0 1 0 0 0 0 1 0 0 0 0 1 0 0 0 0 1 0 0 0 0 1 0 0 0 0 1 0 0 0 0 1 0 0 0 0 1 0 0 0 0 1 0 0 0 0 1 0 0 0 0 1 0 0 0 0 1 0 0 0 0 1 0 0 0 0 1 0 0 0 0 1 0 0 0 0 1 0 0 0 0 1 0 0 0 0 1 0 0 0 0 1 0 0 0 0 1 0 0 0 0 1 0 0 0 0 1 0 0 0 0 1 0 0 0 0 1 0 0 0 0 1 0 0 0 0 1 0 0 0 0 1 0 0 0 0 1 0 0 0 0 1 0 0 0 0 1 0 0 0 0 1 0 0 0 0 1 0 0 0 0 1 0 0 0 0 1 0 0 0 0 1 0 0 0 0 1 0 0 0 0 1 0 0 0 0 1 0 0 0 0 1 0 0 0 0 1 0 0 0 0 1 0 0 0 0 1 0 0 0 0 1 0 0 0 0 1 0 0 0 0 1 0 0 0 0 1 0 0 0 0 1 0 0 0 0 1 0 0 0 0 1 0 0 0 0 1 0 0 0 0 1 0 0 0 0 1 0 0 0 0 1 0 0 0 0 1 0 0 0 0 1 0 0 0 0 1 0 0 0 0 1 0 0 0 0 1 0 0 0 0 1 0 0 0 0 1 0 0 0 0 1 0 0 0 0 1 0 0 0 0 1 0 0 0 0 1 0 0 0 0 1 0 0 0 0 1 0 0 0 0 1 0 0 0 0 1 0 0 0 0 1 0 0 0 0 1 0 0 0 0 1 0 0 0 0 1 0 0 0 0 1 0 0 0 0 1 0 0 0 0 1 0 0 0 0 1 0 0 0 0 1 0 0 0 0 1 0 0 0 0 1 0 0 0 0 1 0 0 0 0 1 0 0 0 0 1 0 0 0 0 1 0 0 0 0 1 0 0 0 0 1 0 0 0 0 1 0 0 0 0 1 0 0 0 0 1 0 0 0 0 1 0 0 0 0 1 0 0 0 0 1 0 0 0 0 1 0 0 0 0 1 0 0 0 0 1 0 0 0 0 1 0 0 0 0 1 0 0 0 0 1 0 0 0 0 1 0 0 0 0 1 0 0 0 0 1 0 0 0 0 1 0 0 0 0 1 0 0 0 0 1 0 0 0 0 1 0 0 0 0 1 0 0 0 0 1 0 0 0 0 1 0 0 0 0 1 0 0 0 0 1 0 0 0 0 1 0 0 0 0 1 0 0 0 0 1 0 0 0 0 1 0 0 0 0 1 0 0 0 0 1 0 0 0 0 1 0 0 0 0 1 0 0 0 0 1 0 0 0 0 1 0 0 0 0 1 0 0 0 0 1 0 0 0 0 1 0 0 0 0 1 0 0 0 0 1 0 0 0 0 1 0 0 0 0 1 0 0 0 0 1 0 0 0 0 1 0 0 0 0 1 0 0 0 0 1 0 0 0 0 1 0 0 0 0 1 0 0 0 0 1 0 0 0 0 1 0 0 0 0 1 0 0 0 0 1 0 0 0 0 1 0 0 0 0 1 0 0 0 0 1 0 0 0 0 1 0 0 0 0 1 0 0 0 0 1 0 0 0 0 1 0 0 0 0 1 0 0 0 0 1 0 0 0 0 1 0 0 0 0 1 0 0 0 0 1 0 0 0 0 1 0 0 0 0 1 0 0 0 0 1 0 0 0 0 1 0 0 0 0 1 0 0 0 0 1 0 0 0 0 1 0 0 0 0 1 0 0 0 0 1 0 0 0 0 1 0 0 0 0 1 0 0 0 0 1 0 0 0 0 1 0 0 0 0 1 0 0 0 0 1 0 0 0 0 1 0 0 0 0 1 0 0 0 0 1 0 0 0 0 1 0 0 0 0 1 0 0 0 0 1 0 0 0 0 1 0 0 0 0 1 0 0 0 0 1 0 0 0 0 1 0 0 0 0 1 0 0 0 0 1 0 0 0 0 1 0 0 0 0 1 0 0 0 0 1 0 0 0 0 1 0 0 0 0 1 0 0 0 0 1 0 0 0 0 1 0 0 0 0 1 0 0 0 0 1 0 0 0 0 1 0 0 0 0 1 0 0 0 0 1 0 0 0 0 1 0 0 0 0 1 0 0 0 0 1 0 0 0 0 1 0 0 0 0 1 0 0 0 0 1 0 0 0 0 1 0 0 0 0 1 0 0 0 0 1 0 0 0 0 1 0 0 0 0 1 0 0 0 0 1 0 0 0 0 1 0 0 0 0 1 0 0 0 0 1 0 0 0 0 1 0 0 0 0 1 0 0 0 0 1 0 0 0 0 1 0 0 0 0 1 0 0 0 0 1 0 0 0 0 1 0 0 0 0 1 0 0 0 0 1 0 0 0 0 1 0 0 0 0 1 0 0 0 0 1 0 0 0 0 1 0 0 0 0 1 0 0 0 0 1 0 0 0 0 1 0 0 0 0 1 0 0 0 0 1 0 0 0 0 1 0 0 0 0 1 0 0 0 0 1 0 0 0 0 1 0 0 0 0 1 0 0 0 0 1 0 0 0 0 1 0 0 0 0 1 0 0 0 0 1 0 0 0 0 1 0 0 0 0 1 0 0 0 0 1 0 0 0 0 1 0 0 0 0 1 0 0 0 0 1 0 0 0 0 1 0 0 0 0 1 0 0 0 0 1 0 0 0 0 1 0 0 0 0 1 0 0 0 0 1 0 0 0 0 1 0 0 0 0 1 0 0 0 0 1 0 0 0 0 1 0 0 0 0 1 0 0 0 0 1 0 0 0 0 1 0 0 0 0 1 0 0 0 0 1 0 0 0 0 1 0 0 0 0 1 0 0 0 0 1 0 0 0 0 1 0 0 0 0 1 0 0 0 0 1 0 0 0 0 1 0 0 0 0 1 0 0 0 0 1 0 0 0 0 1 0 0 0 0 1 0 0 0 0 1 0 0 0 0 1 0 0 0 0 1 0 0 0 0 1 0 0 0 0 1 0 0 0 0 1 0 0 0 0 1 0 0 0 0 1 0 0 0 0 1 0 0 0 0 1 0 0 0 0 1 0 0 0 0 1 0 0 0 0 1 0 0 0 0 1 0 0 0 0 1 0 0 0 0 1 0 0 0 0 1 0 0 0 0 1 0 0 0 0 1 0 0 0 0 1 0 0 0 0 1 0 0 0 0 1 0 0 0 0 1 0 0 0 0 1 0 0 0 0 1 0 0 0 0 1 0 0 0 0 1 0 0 0 0 1 0 0 0 0 1 0 0 0 0 1 0 0 0 0 1 0 0 0 0 1 0 0 0 0 1 0 0 0 0 1 0 0 0 0 1 0 0 0 0 1 0 0 0 0 1 0 0 0 0 1 0 0 0 0 1 0 0 0 0 1 0 0 0 0 1 0 0 0 0 1 0 0 0 0 1 0 0 0 0 1 0 0 0 0 1 0 0 0 0 1 0 0 0 0 1 0 0 0 0 1 0 0 0 0 1 0 0 0 0 1 0 0 0 0 1 0 0 0 0 1 0 0 0 0 1 0 0 0 0 1 0 0 0 0 1 0 0 0 0 1 0 0 0 0 1 0 0 0 0 1 0 0 0 0 1 0 0 0 0 1 0 0 0 0 1 0 0 0 0 1 0 0 0 0 1 0 0 0 0 1 0 0 0 0 1 0 0 0 0 1 0 0 0 0 1 0 0 0 0 1 0 0 0 0 1 0 0 0 0 1 0 0 0 0 1 0 0 0 0 1 0 0 0 0 1 0 0 0 0 1 0 0 0 0 1 0 0 0 0 1 0 0 0 0 1 0 0 0 0 1 0 0 0 0 1 0 0 0 0 1 0 0 0 0 1 0 0 0 0 1 0 0 0 0 1 0 0 0 0 1 0 0 0 0 1 0 0 0 0 1 0 0 0 0 1 0 0 0 0 1 0 0 0 0 1 0 0 0 0 1 0 0 0 0 1 0 0 0 0 1 0 0 0 0 1 0 0 0 0 1 0 0 0 0 1 0 0 0 0 1 0 0 0 0 1 0 0 0 0 1 0 0 0 0 1 0 0 0 0 1 0 0 0 0 1 0 0 0 0 1 0 0 0 0 1 0 0 0 0 1 0 0 0 0 1 0 0 0 0 1 0 0 0 0 1 0 0 0 0 1 0 0 0 0 1 0 0 0 0 1 0 0 0 0 1 0 0 0 0 1 0 0 0 0 1 0 0 0 0 1 0 0 0 0 1 0 0 0 0 1 0 0 0 0 1 0 0 0 0 1 0 0 0 0 1 0 0 0 0 1 0 0 0 0 1 0 0 0 0 1 0 0 0 0 1 0 0 0 0 1 0 0 0 0 1 0 0 0 0 1 0 0 0 0 1 0 0 0 0 1 0 0 0 0 1 0 0 0 0 1 0 0 0 0 1 0 0 0 0 1 0 0 0 0 1 0 0 0 0 1 0 0 0 0 1 0 0 0 0 1 0 0 0 0 1 0 0 0 0 1 0 0 0 0 1 0 0 0 0 1 0 0 0 0 1 0 0 0 0 1 0 0 0 0 1 0 0 0 0 1 0 0 0 0 1 0 0 0 0 1 0 0 0 0 1 0 0 0 0 1 0 0 0 0 1 0 0 0 0 1 0 0 0 0 1 0 0 0 0 1 0 0 0 0 1 0 0 0 0 1 0 0 0 0 1 0 0 0 0 1 0 0 0 0 1 0 0 0 0 1 0 0 0 0 1 0 0 0 0 1 0 0 0 0 1 0 0 0 0 1 0 0 0 0 1 0 0 0 0 1 0 0 0 0 1 0 0 0 0 1 0 0 0 0 1 0 0 0 0 1 0 0 0 0 1 0 0 0 0 1 0 0 0 0 1 0 0 0 0 1 0 0 0 0 1 0 0 0 0 1 0 0 0 0 1 0 0 0 0 1 0 0 0 0 1 0 0 0 0 1 0 0 0 0 1 0 0 0 0 1 0 0 0 0 1 0 0 0 0 1 0 0 0 0 1 0 0 0 0 1 0 0 0 0 1 0 0 0 0 1 0 0 0 0 1 0 0 0 0 1 0 0 0 0 1 0 0 0 0 1 0 0 0 0 1 0 0 0 0 1 0 0 0 0 1 0 0 0 0 1 0 0 0 0 1 0 0 0 0 1 0 0 0 0 1 0 0 0 0 1 0 0 0 0 1 0 0 0 0 1 0 0 0 0 1 0 0 0 0 1 0 0 0 0 1 0 0 0 0 1 0 0 0 0 1 0 0 0 0 1 0 0 0 0 1 0 0 0 0 1 0 0 0 0 1 0 0 0 0 1 0 0 0 0 1 0 0 0 0 1 0 0 0 0 1 0 0 0 0 1 0 0 0 0 1 0 0 0 0 1 0 0 0 0 1 0 0 0 0 1 0 0 0 0 1 0 0 0 0 1 0 0 0 0 1 0 0 0 0 1 0 0 0 0 1 0 0 0 0 1 0 0 0 0 1 0 0 0 0 1 0 0 0 0 1 0 0 0 0 1 0 0 0 0 1 0 0 0 0 1 0 0 0 0 1 0 0 0 0 1 0 0 0 0 1 0 0 0 0 1 0 0 0 0 1 0 0 0 0 1 0 0 0 0 1 0 0 0 0 1 0 0 0 0 1 0 0 0 0 1 0 0 0 0 1 0 0 0 0 1 0 0 0 0 1 0 0 0 0 1 0 0 0 0 1 0 0 0 0 1 0 0 0 0 1 0 0 0 0 1 0 0 0 0 1 0 0 0 0 1 0 0 0 0 1 0 0 0 0 1 0 0 0 0 1 0 0 0 0 1 0 0 0 0 1 0 0 0 0 1 0 0 0 0 1 0 0 0 0 1 0 0 0 0 1 0 0 0 0 1 0 0 0 0 1 0 0 0 0 1 0 0 0 0 1 0 0 0 0 1 0 0 0 0 1 0 0 0 0 1 0 0 0 0 1 0 0 0 0 1 0 0 0 0 1 0 0 0 0 1 0 0 0 0 1 0 0 0 0 1 0 0 0 0 1 0 0 0 0 1 0 0 0 0 1 0 0 0 0 1 0 0 0 0 1 0 0 0 0 1 0 0 0 0 1 0 0 0 0 1 0 0 0 0 1 0 0 0 0 1 0 0 0 0 1 0 0 0 0 1 0 0 0 0 1 0 0 0 0 1 0 0 0 0 1 0 0 0 0 1 0 0 0 0 1 0 0 0 0 1 0 0 0 0 1 0 0 0 0 1 0 0 0 0 1 0 0 0 0 1 0 0 0 0 1 0 0 0 0 1 0 0 0 0 1 0 0 0 0 1 0 0 0 0 1 0 0 0 0 1 0 0 0 0 1 0 0 0 0 1 0 0 0 0 1 0 0 0 0 1 0 0 0 0 1 0 0 0 0 1 0 0 0 0 1 0 0 0 0 1 0 0 0 0 1 0 0 0 0 1 0 0 0 0 1 0 0 0 0 1 0 0 0 0 1 0 0 0 0 1 0 0 0 0 1 0 0 0 0 1 0 0 0 0 1 0 0 0 0 1 0 0 0 0 1 0 0 0 0 1 0 0 0 0 1 0 0 0 0 1 0 0 0 0 1 0 0 0 0 1 0 0 0 0 1 0 0 0 0 1 0 0 0 0 1 0 0 0 0 1 0 0 0 0 1 0 0 0 0 1 0 0 0 0 1 0 0 0 0 1 0 0 0 0 1 0 0 0 0 1 0 0 0 0 1 0 0 0 0 1 0 0 0 0 1 0 0 0 0 1 0 0 0 0 1 0 0 0 0 1 0 0 0 0 1 0 0 0 0 1 0 0 0 0 1 0 0 0 0 1 0 0 0 0 1 0 0 0 0 1 0 0 0 0 1 0 0 0 0 1 0 0 0 0 1 0 0 0 0 1 0 0 0 0 1 0 0 0 0 1 0 0 0 0 1 0 0 0 0 1 0 0 0 0 1 0 0 0 0 1 0 0 0 0 1 0 0 0 0 1 0 0 0 0 1 0 0 0 0 1 0 0 0 0 1 0 0 0 0 1 0 0 0 0 1 0 0 0 0 1 0 0 0 0 1 0 0 0 0 1 0 0 0 0 1 0 0 0 0 1 0 0 0 0 1 0 0 0 0 1 0 0 0 0 1 0 0 0 0 1 0 0 0 0 1 0 0 0 0 1 0 0 0 0 1 0 0 0 0 1 0 0 0 0 1 0 0 0 0 1 0 0 0 0 1 0 0 0 0 1 0 0 0 0 1 0 0 0 0 1 0 0 0 0 1 0 0 0 0 1 0 0 0 0 1 0 0 0 0 1 0 0 0 0 1 0 0 0 0 1 0 0 0 0 1 0 0 0 0 

PricesW
Oslo ForwardDate
Dummy
Dummy
1-Jul-00 10 10% 8-Jul-00 10 10% 15-Jul-00 10 10% 22-Jul-00 10 10% 29-Jul-00 10 10% 5-Aug-00 10 10% 12-Aug-00 10 10% 19-Aug-00 10 10% 26-Aug-00 10 10% 2-Sep-00 10 10% 9-Sep-00 10 10% 16-Sep-00 10 10% 23-Sep-00 10 10% 30-Sep-00 10 10% 7-Oct-00 10 10% 14-Oct-00 10 10% 21-Oct-00 10 10% 28-Oct-00 10 10% 4-Nov-00 10 10% 11-Nov-00 10 10% 18-Nov-00 10 10% 25-Nov-00 10 10% 2-Dec-00 10 10% 9-Dec-00 10 10% 16-Dec-00 10 10% 23-Dec-00 10 10% 30-Dec-00 10 10% 6-Jan-01 10 10% 13-Jan-01 10 10% 20-Jan-01 10 10% 27-Jan-01 10 10% 3-Feb-01 10 10% 10-Feb-01 10 10% 17-Feb-01 10 10% 24-Feb-01 10 10% 3-Mar-01 10 10% 10-Mar-01 10 10% 17-Mar-01 10 10% 24-Mar-01 10 10% 31-Mar-01 10 10% 7-Apr-01 10 10% 14-Apr-01 10 10% 21-Apr-01 10 10% 28-Apr-01 10 10% 5-May-01 10 10% 12-May-01 10 10% 19-May-01 10 10% 26-May-01 10 10% 2-Jun-01 10 10% 9-Jun-01 10 10% 16-Jun-01 10 10% 23-Jun-01 10 10% 30-Jun-01 10 10% 7-Jul-01 10 10% 14-Jul-01 10 10% 21-Jul-01 10 10% 28-Jul-01 10 10% 4-Aug-01 10 10% 11-Aug-01 10 10% 18-Aug-01 10 10% 25-Aug-01 10 10% 1-Sep-01 10 10% 8-Sep-01 10 10% 15-Sep-01 10 10% 22-Sep-01 10 10% 29-Sep-01 10 10% 6-Oct-01 10 10% 13-Oct-01 10 10% 20-Oct-01 10 10% 27-Oct-01 10 10% 3-Nov-01 10 10% 10-Nov-01 10 10% 17-Nov-01 10 10% 24-Nov-01 10 10% 1-Dec-01 10 10% 8-Dec-01 10 10% 15-Dec-01 10 10% 22-Dec-01 10 10% 29-Dec-01 10 10% 5-Jan-02 10 10% 12-Jan-02 10 10% 19-Jan-02 10 10% 26-Jan-02 10 10% 2-Feb-02 10 10% 9-Feb-02 10 10% 16-Feb-02 10 10% 23-Feb-02 10 10% 2-Mar-02 10 10% 9-Mar-02 10 10% 16-Mar-02 10 10% 23-Mar-02 10 10% 30-Mar-02 10 10% 6-Apr-02 10 10% 13-Apr-02 10 10% 20-Apr-02 10 10% 27-Apr-02 10 10% 4-May-02 10 10% 11-May-02 10 10% 18-May-02 10 10% 25-May-02 10 10% 1-Jun-02 10 10% 8-Jun-02 10 10% 15-Jun-02 10 10% 22-Jun-02 10 10% 29-Jun-02 10 10% 6-Jul-02 10 10% 13-Jul-02 10 10% 20-Jul-02 10 10% 27-Jul-02 10 10% 3-Aug-02 10 10% 10-Aug-02 10 10% 17-Aug-02 10 10% 24-Aug-02 10 10% 31-Aug-02 10 10% 7-Sep-02 10 10% 14-Sep-02 10 10% 21-Sep-02 10 10% 28-Sep-02 10 10% 5-Oct-02 10 10% 12-Oct-02 10 10% 19-Oct-02 10 10% 26-Oct-02 10 10% 2-Nov-02 10 10% 9-Nov-02 10 10% 16-Nov-02 10 10% 23-Nov-02 10 10% 30-Nov-02 10 10% 7-Dec-02 10 10% 14-Dec-02 10 10% 21-Dec-02 10 10% 28-Dec-02 10 10% 4-Jan-03 10 10% 11-Jan-03 10 10% 18-Jan-03 10 10% 25-Jan-03 10 10% 1-Feb-03 10 10% 8-Feb-03 10 10% 15-Feb-03 10 10% 22-Feb-03 10 10% 1-Mar-03 10 10% 8-Mar-03 10 10% 15-Mar-03 10 10% 22-Mar-03 10 10% 29-Mar-03 10 10% 5-Apr-03 10 10% 12-Apr-03 10 10% 19-Apr-03 10 10% 26-Apr-03 10 10% 3-May-03 10 10% 10-May-03 10 10% 17-May-03 10 10% 24-May-03 10 10% 31-May-03 10 10% 7-Jun-03 10 10% 14-Jun-03 10 10% 21-Jun-03 10 10% 28-Jun-03 10 10% 5-Jul-03 10 10% 12-Jul-03 10 10% 19-Jul-03 10 10% 26-Jul-03 10 10% 2-Aug-03 10 10% 9-Aug-03 10 10% 16-Aug-03 10 10% 23-Aug-03 10 10% 30-Aug-03 10 10% 6-Sep-03 10 10% 13-Sep-03 10 10% 20-Sep-03 10 10% 27-Sep-03 10 10% 4-Oct-03 10 10% 11-Oct-03 10 10% 18-Oct-03 10 10% 25-Oct-03 10 10% 1-Nov-03 10 10% 8-Nov-03 10 10% 15-Nov-03 10 10% 22-Nov-03 10 10% 29-Nov-03 10 10% 6-Dec-03 10 10% 13-Dec-03 10 10% 20-Dec-03 10 10% 27-Dec-03 10 10% 3-Jan-04 10 10% 10-Jan-04 10 10% 17-Jan-04 10 10% 24-Jan-04 10 10% 31-Jan-04 10 10% 7-Feb-04 10 10% 14-Feb-04 10 10% 21-Feb-04 10 10% 28-Feb-04 10 10% 6-Mar-04 10 10% 13-Mar-04 10 10% 20-Mar-04 10 10% 27-Mar-04 10 10% 3-Apr-04 10 10% 10-Apr-04 10 10% 17-Apr-04 10 10% 24-Apr-04 10 10% 1-May-04 10 10% 8-May-04 10 10% 15-May-04 10 10% 22-May-04 10 10% 29-May-04 10 10% 5-Jun-04 10 10% 12-Jun-04 10 10% 19-Jun-04 10 10% 26-Jun-04 10 10% 3-Jul-04 10 10% 10-Jul-04 10 10% 17-Jul-04 10 10% 24-Jul-04 10 10% 31-Jul-04 10 10% 7-Aug-04 10 10% 14-Aug-04 10 10% 21-Aug-04 10 10% 28-Aug-04 10 10% 4-Sep-04 10 10% 11-Sep-04 10 10% 18-Sep-04 10 10% 25-Sep-04 10 10% 2-Oct-04 10 10% 9-Oct-04 10 10% 16-Oct-04 10 10% 23-Oct-04 10 10% 30-Oct-04 10 10% 6-Nov-04 10 10% 13-Nov-04 10 10% 20-Nov-04 10 10% 27-Nov-04 10 10% 4-Dec-04 10 10% 11-Dec-04 10 10% 18-Dec-04 10 10% 25-Dec-04 10 10% 1-Jan-05 10 10% 8-Jan-05 10 10% 15-Jan-05 10 10% 22-Jan-05 10 10% 29-Jan-05 10 10% 5-Feb-05 10 10% 12-Feb-05 10 10% 19-Feb-05 10 10% 26-Feb-05 10 10% 5-Mar-05 10 10% 12-Mar-05 10 10% 19-Mar-05 10 10% 26-Mar-05 10 10% 2-Apr-05 10 10% 9-Apr-05 10 10% 16-Apr-05 10 10% 23-Apr-05 10 10% 30-Apr-05 10 10% 7-May-05 10 10% 14-May-05 10 10% 21-May-05 10 10% 28-May-05 10 10% 4-Jun-05 10 10% 11-Jun-05 10 10% 18-Jun-05 10 10% 25-Jun-05 10 10% 2-Jul-05 10 10% 9-Jul-05 10 10% 16-Jul-05 10 10% 23-Jul-05 10 10% 30-Jul-05 10 10% 6-Aug-05 10 10% 13-Aug-05 10 10% 20-Aug-05 10 10% 27-Aug-05 10 10% 3-Sep-05 10 10% 10-Sep-05 10 10% 17-Sep-05 10 10% 24-Sep-05 10 10% 1-Oct-05 10 10% 8-Oct-05 10 10% 15-Oct-05 10 10% 22-Oct-05 10 10% 29-Oct-05 10 10% 5-Nov-05 10 10% 12-Nov-05 10 10% 19-Nov-05 10 10% 26-Nov-05 10 10% 3-Dec-05 10 10% 10-Dec-05 10 10% 17-Dec-05 10 10% 24-Dec-05 10 10% 31-Dec-05 10 10% 7-Jan-06 10 10% 14-Jan-06 10 10% 21-Jan-06 10 10% 28-Jan-06 10 10% 4-Feb-06 10 10% 11-Feb-06 10 10% 18-Feb-06 10 10% 25-Feb-06 10 10% 4-Mar-06 10 10% 11-Mar-06 10 10% 18-Mar-06 10 10% 25-Mar-06 10 10% 1-Apr-06 10 10% 8-Apr-06 10 10% 15-Apr-06 10 10% 22-Apr-06 10 10% 29-Apr-06 10 10% 6-May-06 10 10% 13-May-06 10 10% 20-May-06 10 10% 27-May-06 10 10% 3-Jun-06 10 10% 10-Jun-06 10 10% 17-Jun-06 10 10% 24-Jun-06 10 10% 1-Jul-06 10 10% 8-Jul-06 10 10% 15-Jul-06 10 10% 22-Jul-06 10 10% 29-Jul-06 10 10% 5-Aug-06 10 10% 12-Aug-06 10 10% 19-Aug-06 10 10% 26-Aug-06 10 10% 2-Sep-06 10 10% 9-Sep-06 10 10% 16-Sep-06 10 10% 23-Sep-06 10 10% 30-Sep-06 10 10% 7-Oct-06 10 10% 14-Oct-06 10 10% 21-Oct-06 10 10% 28-Oct-06 10 10% 4-Nov-06 10 10% 11-Nov-06 10 10% 18-Nov-06 10 10% 25-Nov-06 10 10% 2-Dec-06 10 10% 9-Dec-06 10 10% 16-Dec-06 10 10% 23-Dec-06 10 10% 30-Dec-06 10 10% 6-Jan-07 10 10% 13-Jan-07 10 10% 20-Jan-07 10 10% 27-Jan-07 10 10% 3-Feb-07 10 10% 10-Feb-07 10 10% 17-Feb-07 10 10% 24-Feb-07 10 10% 3-Mar-07 10 10% 10-Mar-07 10 10% 17-Mar-07 10 10% 24-Mar-07 10 10% 31-Mar-07 10 10% 7-Apr-07 10 10% 14-Apr-07 10 10% 21-Apr-07 10 10% 28-Apr-07 10 10% 5-May-07 10 10% 12-May-07 10 10% 19-May-07 10 10% 26-May-07 10 10% 2-Jun-07 10 10% 9-Jun-07 10 10% 16-Jun-07 10 10% 23-Jun-07 10 10% 30-Jun-07 10 10% 7-Jul-07 10 10% 14-Jul-07 10 10% 21-Jul-07 10 10% 28-Jul-07 10 10% 4-Aug-07 10 10% 11-Aug-07 10 10% 18-Aug-07 10 10% 25-Aug-07 10 10% 1-Sep-07 10 10% 8-Sep-07 10 10% 15-Sep-07 10 10% 22-Sep-07 10 10% 29-Sep-07 10 10% 6-Oct-07 10 10% 13-Oct-07 10 10% 20-Oct-07 10 10% 27-Oct-07 10 10% 3-Nov-07 10 10% 10-Nov-07 10 10% 17-Nov-07 10 10% 24-Nov-07 10 10% 1-Dec-07 10 10% 8-Dec-07 10 10% 15-Dec-07 10 10% 22-Dec-07 10 10% 29-Dec-07 10 10% 5-Jan-08 10 10% 12-Jan-08 10 10% 19-Jan-08 10 10% 26-Jan-08 10 10% 2-Feb-08 10 10% 9-Feb-08 10 10% 16-Feb-08 10 10% 23-Feb-08 10 10% 1-Mar-08 10 10% 8-Mar-08 10 10% 15-Mar-08 10 10% 22-Mar-08 10 10% 29-Mar-08 10 10% 5-Apr-08 10 10% 12-Apr-08 10 10% 19-Apr-08 10 10% 26-Apr-08 10 10% 3-May-08 10 10% 10-May-08 10 10% 17-May-08 10 10% 24-May-08 10 10% 31-May-08 10 10% 7-Jun-08 10 10% 14-Jun-08 10 10% 21-Jun-08 10 10% 28-Jun-08 10 10% 5-Jul-08 10 10% 12-Jul-08 10 10% 19-Jul-08 10 10% 26-Jul-08 10 10% 2-Aug-08 10 10% 9-Aug-08 10 10% 16-Aug-08 10 10% 23-Aug-08 10 10% 30-Aug-08 10 10% 6-Sep-08 10 10% 13-Sep-08 10 10% 20-Sep-08 10 10% 27-Sep-08 10 10% 4-Oct-08 10 10% 11-Oct-08 10 10% 18-Oct-08 10 10% 25-Oct-08 10 10% 1-Nov-08 10 10% 8-Nov-08 10 10% 15-Nov-08 10 10% 22-Nov-08 10 10% 29-Nov-08 10 10% 6-Dec-08 10 10% 13-Dec-08 10 10% 20-Dec-08 10 10% 27-Dec-08 10 10% 3-Jan-09 10 10% 10-Jan-09 10 10% 17-Jan-09 10 10% 24-Jan-09 10 10% 31-Jan-09 10 10% 7-Feb-09 10 10% 14-Feb-09 10 10% 21-Feb-09 10 10% 28-Feb-09 10 10% 7-Mar-09 10 10% 14-Mar-09 10 10% 21-Mar-09 10 10% 28-Mar-09 10 10% 4-Apr-09 10 10% 11-Apr-09 10 10% 18-Apr-09 10 10% 25-Apr-09 10 10% 2-May-09 10 10% 9-May-09 10 10% 16-May-09 10 10% 23-May-09 10 10% 30-May-09 10 10% 6-Jun-09 10 10% 13-Jun-09 10 10% 20-Jun-09 10 10% 27-Jun-09 10 10% 4-Jul-09 10 10% 11-Jul-09 10 10% 18-Jul-09 10 10% 25-Jul-09 10 10% 1-Aug-09 10 10% 8-Aug-09 10 10% 15-Aug-09 10 10% 22-Aug-09 10 10% 29-Aug-09 10 10% 5-Sep-09 10 10% 12-Sep-09 10 10% 19-Sep-09 10 10% 26-Sep-09 10 10% 3-Oct-09 10 10% 10-Oct-09 10 10% 17-Oct-09 10 10% 24-Oct-09 10 10% 31-Oct-09 10 10% 7-Nov-09 10 10% 14-Nov-09 10 10% 21-Nov-09 10 10% 28-Nov-09 10 10% 5-Dec-09 10 10% 12-Dec-09 10 10% 19-Dec-09 10 10% 26-Dec-09 10 10% 2-Jan-10 10 10% 9-Jan-10 10 10% 16-Jan-10 10 10% 23-Jan-10 10 10% 30-Jan-10 10 10% 6-Feb-10 10 10% 13-Feb-10 10 10% 20-Feb-10 10 10% 27-Feb-10 10 10% 6-Mar-10 10 10% 13-Mar-10 10 10% 20-Mar-10 10 10% 27-Mar-10 10 10% 3-Apr-10 10 10% 10-Apr-10 10 10% 17-Apr-10 10 10% 24-Apr-10 10 10% 1-May-10 10 10% 8-May-10 10 10% 15-May-10 10 10% 22-May-10 10 10% 29-May-10 10 10% 5-Jun-10 10 10% 12-Jun-10 10 10% 19-Jun-10 10 10% 26-Jun-10 10 10% 3-Jul-10 10 10% 10-Jul-10 10 10% 17-Jul-10 10 10% 24-Jul-10 10 10% 31-Jul-10 10 10% 7-Aug-10 10 10% 14-Aug-10 10 10% 21-Aug-10 10 10% 28-Aug-10 10 10% 4-Sep-10 10 10% 11-Sep-10 10 10% 18-Sep-10 10 10% 25-Sep-10 10 10% 2-Oct-10 10 10% 9-Oct-10 10 10% 16-Oct-10 10 10% 23-Oct-10 10 10% 30-Oct-10 10 10% 6-Nov-10 10 10% 13-Nov-10 10 10% 20-Nov-10 10 10% 27-Nov-10 10 10% 4-Dec-10 10 10% 11-Dec-10 10 10% 18-Dec-10 10 10% 25-Dec-10 10 10% 1-Jan-11 10 10% 8-Jan-11 10 10% 15-Jan-11 10 10% 22-Jan-11 10 10% 29-Jan-11 10 10% 5-Feb-11 10 10% 12-Feb-11 10 10% 19-Feb-11 10 10% 26-Feb-11 10 10% 5-Mar-11 10 10% 12-Mar-11 10 10% 19-Mar-11 10 10% 26-Mar-11 10 10% 2-Apr-11 10 10% 9-Apr-11 10 10% 16-Apr-11 10 10% 23-Apr-11 10 10% 30-Apr-11 10 10% 7-May-11 10 10% 14-May-11 10 10% 21-May-11 10 10% 28-May-11 10 10% 4-Jun-11 10 10% 11-Jun-11 10 10% 18-Jun-11 10 10% 25-Jun-11 10 10% 2-Jul-11 10 10% 9-Jul-11 10 10% 16-Jul-11 10 10% 23-Jul-11 10 10% 30-Jul-11 10 10% 6-Aug-11 10 10% 13-Aug-11 10 10% 20-Aug-11 10 10% 27-Aug-11 10 10% 3-Sep-11 10 10% 10-Sep-11 10 10% 17-Sep-11 10 10% 24-Sep-11 10 10% 1-Oct-11 10 10% 8-Oct-11 10 10% 15-Oct-11 10 10% 22-Oct-11 10 10% 29-Oct-11 10 10% 5-Nov-11 10 10% 12-Nov-11 10 10% 19-Nov-11 10 10% 26-Nov-11 10 10% 3-Dec-11 10 10% 10-Dec-11 10 10% 17-Dec-11 10 10% 24-Dec-11 10 10% 31-Dec-11 10 10% 7-Jan-12 10 10% 14-Jan-12 10 10% 21-Jan-12 10 10% 28-Jan-12 10 10% 4-Feb-12 10 10% 11-Feb-12 10 10% 18-Feb-12 10 10% 25-Feb-12 10 10% 3-Mar-12 10 10% 10-Mar-12 10 10% 17-Mar-12 10 10% 24-Mar-12 10 10% 31-Mar-12 10 10% 7-Apr-12 10 10% 14-Apr-12 10 10% 21-Apr-12 10 10% 28-Apr-12 10 10% 5-May-12 10 10% 12-May-12 10 10% 19-May-12 10 10% 26-May-12 10 10% 2-Jun-12 10 10% 9-Jun-12 10 10% 16-Jun-12 10 10% 23-Jun-12 10 10% 30-Jun-12 10 10% 7-Jul-12 10 10% 14-Jul-12 10 10% 21-Jul-12 10 10% 28-Jul-12 10 10% 4-Aug-12 10 10% 11-Aug-12 10 10% 18-Aug-12 10 10% 25-Aug-12 10 10% 1-Sep-12 10 10% 8-Sep-12 10 10% 15-Sep-12 10 10% 22-Sep-12 10 10% 29-Sep-12 10 10% 6-Oct-12 10 10% 13-Oct-12 10 10% 20-Oct-12 10 10% 27-Oct-12 10 10% 3-Nov-12 10 10% 10-Nov-12 10 10% 17-Nov-12 10 10% 24-Nov-12 10 10% 1-Dec-12 10 10% 8-Dec-12 10 10% 15-Dec-12 10 10% 22-Dec-12 10 10% 29-Dec-12 10 10% 5-Jan-13 10 10% 12-Jan-13 10 10% 19-Jan-13 10 10% 26-Jan-13 10 10% 2-Feb-13 10 10% 9-Feb-13 10 10% 16-Feb-13 10 10% 23-Feb-13 10 10% 2-Mar-13 10 10% 9-Mar-13 10 10% 16-Mar-13 10 10% 23-Mar-13 10 10% 30-Mar-13 10 10% 6-Apr-13 10 10% 13-Apr-13 10 10% 20-Apr-13 10 10% 27-Apr-13 10 10% 4-May-13 10 10% 11-May-13 10 10% 18-May-13 10 10% 25-May-13 10 10% 1-Jun-13 10 10% 8-Jun-13 10 10% 15-Jun-13 10 10% 22-Jun-13 10 10% 29-Jun-13 10 10% 6-Jul-13 10 10% 13-Jul-13 10 10% 20-Jul-13 10 10% 27-Jul-13 10 10% 3-Aug-13 10 10% 10-Aug-13 10 10% 17-Aug-13 10 10% 24-Aug-13 10 10% 31-Aug-13 10 10% 7-Sep-13 10 10% 14-Sep-13 10 10% 21-Sep-13 10 10% 28-Sep-13 10 10% 5-Oct-13 10 10% 12-Oct-13 10 10% 19-Oct-13 10 10% 26-Oct-13 10 10% 2-Nov-13 10 10% 9-Nov-13 10 10% 16-Nov-13 10 10% 23-Nov-13 10 10% 30-Nov-13 10 10% 7-Dec-13 10 10% 14-Dec-13 10 10% 21-Dec-13 10 10% 28-Dec-13 10 10% 4-Jan-14 10 10% 11-Jan-14 10 10% 18-Jan-14 10 10% 25-Jan-14 10 10% 1-Feb-14 10 10% 8-Feb-14 10 10% 15-Feb-14 10 10% 22-Feb-14 10 10% 1-Mar-14 10 10% 8-Mar-14 10 10% 15-Mar-14 10 10% 22-Mar-14 10 10% 29-Mar-14 10 10% 5-Apr-14 10 10% 12-Apr-14 10 10% 19-Apr-14 10 10% 26-Apr-14 10 10% 3-May-14 10 10% 10-May-14 10 10% 17-May-14 10 10% 24-May-14 10 10% 31-May-14 10 10% 7-Jun-14 10 10% 14-Jun-14 10 10% 21-Jun-14 10 10% 28-Jun-14 10 10% 5-Jul-14 10 10% 12-Jul-14 10 10% 19-Jul-14 10 10% 26-Jul-14 10 10% 2-Aug-14 10 10% 9-Aug-14 10 10% 16-Aug-14 10 10% 23-Aug-14 10 10% 30-Aug-14 10 10% 6-Sep-14 10 10% 13-Sep-14 10 10% 20-Sep-14 10 10% 27-Sep-14 10 10% 4-Oct-14 10 10% 11-Oct-14 10 10% 18-Oct-14 10 10% 25-Oct-14 10 10% 1-Nov-14 10 10% 8-Nov-14 10 10% 15-Nov-14 10 10% 22-Nov-14 10 10% 29-Nov-14 10 10% 6-Dec-14 10 10% 13-Dec-14 10 10% 20-Dec-14 10 10% 27-Dec-14 10 10% 3-Jan-15 10 10% 10-Jan-15 10 10% 17-Jan-15 10 10% 24-Jan-15 10 10% 31-Jan-15 10 10% 7-Feb-15 10 10% 14-Feb-15 10 10% 21-Feb-15 10 10% 28-Feb-15 10 10% 7-Mar-15 10 10% 14-Mar-15 10 10% 21-Mar-15 10 10% 28-Mar-15 10 10% 4-Apr-15 10 10% 11-Apr-15 10 10% 18-Apr-15 10 10% 25-Apr-15 10 10% 2-May-15 10 10% 9-May-15 10 10% 16-May-15 10 10% 23-May-15 10 10% 30-May-15 10 10% 6-Jun-15 10 10% 13-Jun-15 10 10% 20-Jun-15 10 10% 27-Jun-15 10 10% 4-Jul-15 10 10% 11-Jul-15 10 10% 18-Jul-15 10 10% 25-Jul-15 10 10% 1-Aug-15 10 10% 8-Aug-15 10 10% 15-Aug-15 10 10% 22-Aug-15 10 10% 29-Aug-15 10 10% 5-Sep-15 10 10% 12-Sep-15 10 10% 19-Sep-15 10 10% 26-Sep-15 10 10% 3-Oct-15 10 10% 10-Oct-15 10 10% 17-Oct-15 10 10% 24-Oct-15 10 10% 31-Oct-15 10 10% 7-Nov-15 10 10% 14-Nov-15 10 10% 21-Nov-15 10 10% 28-Nov-15 10 10% 5-Dec-15 10 10% 12-Dec-15 10 10% 19-Dec-15 10 10% 26-Dec-15 10 10% 2-Jan-16 10 10% 9-Jan-16 10 10% 16-Jan-16 10 10% 23-Jan-16 10 10% 30-Jan-16 10 10% 6-Feb-16 10 10% 13-Feb-16 10 10% 20-Feb-16 10 10% 27-Feb-16 10 10% 5-Mar-16 10 10% 12-Mar-16 10 10% 19-Mar-16 10 10% 26-Mar-16 10 10% 2-Apr-16 10 10% 9-Apr-16 10 10% 16-Apr-16 10 10% 23-Apr-16 10 10% 30-Apr-16 10 10% 7-May-16 10 10% 14-May-16 10 10% 21-May-16 10 10% 28-May-16 10 10% 4-Jun-16 10 10% 11-Jun-16 10 10% 18-Jun-16 10 10% 25-Jun-16 10 10% 2-Jul-16 10 10% 9-Jul-16 10 10% 16-Jul-16 10 10% 23-Jul-16 10 10% 30-Jul-16 10 10% 6-Aug-16 10 10% 13-Aug-16 10 10% 20-Aug-16 10 10% 27-Aug-16 10 10% 3-Sep-16 10 10% 10-Sep-16 10 10% 17-Sep-16 10 10% 24-Sep-16 10 10% 1-Oct-16 10 10% 8-Oct-16 10 10% 15-Oct-16 10 10% 22-Oct-16 10 10% 29-Oct-16 10 10% 5-Nov-16 10 10% 12-Nov-16 10 10% 19-Nov-16 10 10% 26-Nov-16 10 10% 3-Dec-16 10 10% 10-Dec-16 10 10% 17-Dec-16 10 10% 24-Dec-16 10 10% 31-Dec-16 10 10% 7-Jan-17 10 10% 14-Jan-17 10 10% 21-Jan-17 10 10% 28-Jan-17 10 10% 4-Feb-17 10 10% 11-Feb-17 10 10% 18-Feb-17 10 10% 25-Feb-17 10 10% 4-Mar-17 10 10% 11-Mar-17 10 10% 18-Mar-17 10 10% 25-Mar-17 10 10% 1-Apr-17 10 10% 8-Apr-17 10 10% 15-Apr-17 10 10% 22-Apr-17 10 10% 29-Apr-17 10 10% 6-May-17 10 10% 13-May-17 10 10% 20-May-17 10 10% 27-May-17 10 10% 3-Jun-17 10 10% 10-Jun-17 10 10% 17-Jun-17 10 10% 24-Jun-17 10 10% 1-Jul-17 10 10% 8-Jul-17 10 10% 15-Jul-17 10 10% 22-Jul-17 10 10% 29-Jul-17 10 10% 5-Aug-17 10 10% 12-Aug-17 10 10% 19-Aug-17 10 10% 26-Aug-17 10 10% 2-Sep-17 10 10% 9-Sep-17 10 10% 16-Sep-17 10 10% 23-Sep-17 10 10% 

PositionW
Oslo ForwardDate
Dummy
Dummy Gamma
1-Jul-00 0.00 0.00 8-Jul-00 0.00 0.00 15-Jul-00 0.00 0.00 22-Jul-00 0.00 0.00 29-Jul-00 0.00 0.00 5-Aug-00 0.00 0.00 12-Aug-00 0.00 0.00 19-Aug-00 0.00 0.00 26-Aug-00 0.00 0.00 2-Sep-00 0.00 0.00 9-Sep-00 0.00 0.00 16-Sep-00 0.00 0.00 23-Sep-00 0.00 0.00 30-Sep-00 0.00 0.00 7-Oct-00 0.00 0.00 14-Oct-00 0.00 0.00 21-Oct-00 0.00 0.00 28-Oct-00 0.00 0.00 4-Nov-00 0.00 0.00 11-Nov-00 0.00 0.00 18-Nov-00 0.00 0.00 25-Nov-00 0.00 0.00 2-Dec-00 0.00 0.00 9-Dec-00 0.00 0.00 16-Dec-00 0.00 0.00 23-Dec-00 0.00 0.00 30-Dec-00 0.00 0.00 6-Jan-01 0.00 0.00 13-Jan-01 0.00 0.00 20-Jan-01 0.00 0.00 27-Jan-01 0.00 0.00 3-Feb-01 0.00 0.00 10-Feb-01 0.00 0.00 17-Feb-01 0.00 0.00 24-Feb-01 0.00 0.00 3-Mar-01 0.00 0.00 10-Mar-01 0.00 0.00 17-Mar-01 0.00 0.00 24-Mar-01 0.00 0.00 31-Mar-01 0.00 0.00 7-Apr-01 0.00 0.00 14-Apr-01 0.00 0.00 21-Apr-01 0.00 0.00 28-Apr-01 0.00 0.00 5-May-01 0.00 0.00 12-May-01 0.00 0.00 19-May-01 0.00 0.00 26-May-01 0.00 0.00 2-Jun-01 0.00 0.00 9-Jun-01 0.00 0.00 16-Jun-01 0.00 0.00 23-Jun-01 0.00 0.00 30-Jun-01 0.00 0.00 7-Jul-01 0.00 0.00 14-Jul-01 0.00 0.00 21-Jul-01 0.00 0.00 28-Jul-01 0.00 0.00 4-Aug-01 0.00 0.00 11-Aug-01 0.00 0.00 18-Aug-01 0.00 0.00 25-Aug-01 0.00 0.00 1-Sep-01 0.00 0.00 8-Sep-01 0.00 0.00 15-Sep-01 0.00 0.00 22-Sep-01 0.00 0.00 29-Sep-01 0.00 0.00 6-Oct-01 0.00 0.00 13-Oct-01 0.00 0.00 20-Oct-01 0.00 0.00 27-Oct-01 0.00 0.00 3-Nov-01 0.00 0.00 10-Nov-01 0.00 0.00 17-Nov-01 0.00 0.00 24-Nov-01 0.00 0.00 1-Dec-01 0.00 0.00 8-Dec-01 0.00 0.00 15-Dec-01 0.00 0.00 22-Dec-01 0.00 0.00 29-Dec-01 0.00 0.00 5-Jan-02 0.00 0.00 12-Jan-02 0.00 0.00 19-Jan-02 0.00 0.00 26-Jan-02 0.00 0.00 2-Feb-02 0.00 0.00 9-Feb-02 0.00 0.00 16-Feb-02 0.00 0.00 23-Feb-02 0.00 0.00 2-Mar-02 0.00 0.00 9-Mar-02 0.00 0.00 16-Mar-02 0.00 0.00 23-Mar-02 0.00 0.00 30-Mar-02 0.00 0.00 6-Apr-02 0.00 0.00 13-Apr-02 0.00 0.00 20-Apr-02 0.00 0.00 27-Apr-02 0.00 0.00 4-May-02 0.00 0.00 11-May-02 0.00 0.00 18-May-02 0.00 0.00 25-May-02 0.00 0.00 1-Jun-02 0.00 0.00 8-Jun-02 0.00 0.00 15-Jun-02 0.00 0.00 22-Jun-02 0.00 0.00 29-Jun-02 0.00 0.00 6-Jul-02 0.00 0.00 13-Jul-02 0.00 0.00 20-Jul-02 0.00 0.00 27-Jul-02 0.00 0.00 3-Aug-02 0.00 0.00 10-Aug-02 0.00 0.00 17-Aug-02 0.00 0.00 24-Aug-02 0.00 0.00 31-Aug-02 0.00 0.00 7-Sep-02 0.00 0.00 14-Sep-02 0.00 0.00 21-Sep-02 0.00 0.00 28-Sep-02 0.00 0.00 5-Oct-02 0.00 0.00 12-Oct-02 0.00 0.00 19-Oct-02 0.00 0.00 26-Oct-02 0.00 0.00 2-Nov-02 0.00 0.00 9-Nov-02 0.00 0.00 16-Nov-02 0.00 0.00 23-Nov-02 0.00 0.00 30-Nov-02 0.00 0.00 7-Dec-02 0.00 0.00 14-Dec-02 0.00 0.00 21-Dec-02 0.00 0.00 28-Dec-02 0.00 0.00 4-Jan-03 0.00 0.00 11-Jan-03 0.00 0.00 18-Jan-03 0.00 0.00 25-Jan-03 0.00 0.00 1-Feb-03 0.00 0.00 8-Feb-03 0.00 0.00 15-Feb-03 0.00 0.00 22-Feb-03 0.00 0.00 1-Mar-03 0.00 0.00 8-Mar-03 0.00 0.00 15-Mar-03 0.00 0.00 22-Mar-03 0.00 0.00 29-Mar-03 0.00 0.00 5-Apr-03 0.00 0.00 12-Apr-03 0.00 0.00 19-Apr-03 0.00 0.00 26-Apr-03 0.00 0.00 3-May-03 0.00 0.00 10-May-03 0.00 0.00 17-May-03 0.00 0.00 24-May-03 0.00 0.00 31-May-03 0.00 0.00 7-Jun-03 0.00 0.00 14-Jun-03 0.00 0.00 21-Jun-03 0.00 0.00 28-Jun-03 0.00 0.00 5-Jul-03 0.00 0.00 12-Jul-03 0.00 0.00 19-Jul-03 0.00 0.00 26-Jul-03 0.00 0.00 2-Aug-03 0.00 0.00 9-Aug-03 0.00 0.00 16-Aug-03 0.00 0.00 23-Aug-03 0.00 0.00 30-Aug-03 0.00 0.00 6-Sep-03 0.00 0.00 13-Sep-03 0.00 0.00 20-Sep-03 0.00 0.00 27-Sep-03 0.00 0.00 4-Oct-03 0.00 0.00 11-Oct-03 0.00 0.00 18-Oct-03 0.00 0.00 25-Oct-03 0.00 0.00 1-Nov-03 0.00 0.00 8-Nov-03 0.00 0.00 15-Nov-03 0.00 0.00 22-Nov-03 0.00 0.00 29-Nov-03 0.00 0.00 6-Dec-03 0.00 0.00 13-Dec-03 0.00 0.00 20-Dec-03 0.00 0.00 27-Dec-03 0.00 0.00 3-Jan-04 0.00 0.00 10-Jan-04 0.00 0.00 17-Jan-04 0.00 0.00 24-Jan-04 0.00 0.00 31-Jan-04 0.00 0.00 7-Feb-04 0.00 0.00 14-Feb-04 0.00 0.00 21-Feb-04 0.00 0.00 28-Feb-04 0.00 0.00 6-Mar-04 0.00 0.00 13-Mar-04 0.00 0.00 20-Mar-04 0.00 0.00 27-Mar-04 0.00 0.00 3-Apr-04 0.00 0.00 10-Apr-04 0.00 0.00 17-Apr-04 0.00 0.00 24-Apr-04 0.00 0.00 1-May-04 0.00 0.00 8-May-04 0.00 0.00 15-May-04 0.00 0.00 22-May-04 0.00 0.00 29-May-04 0.00 0.00 5-Jun-04 0.00 0.00 12-Jun-04 0.00 0.00 19-Jun-04 0.00 0.00 26-Jun-04 0.00 0.00 3-Jul-04 0.00 0.00 10-Jul-04 0.00 0.00 17-Jul-04 0.00 0.00 24-Jul-04 0.00 0.00 31-Jul-04 0.00 0.00 7-Aug-04 0.00 0.00 14-Aug-04 0.00 0.00 21-Aug-04 0.00 0.00 28-Aug-04 0.00 0.00 4-Sep-04 0.00 0.00 11-Sep-04 0.00 0.00 18-Sep-04 0.00 0.00 25-Sep-04 0.00 0.00 2-Oct-04 0.00 0.00 9-Oct-04 0.00 0.00 16-Oct-04 0.00 0.00 23-Oct-04 0.00 0.00 30-Oct-04 0.00 0.00 6-Nov-04 0.00 0.00 13-Nov-04 0.00 0.00 20-Nov-04 0.00 0.00 27-Nov-04 0.00 0.00 4-Dec-04 0.00 0.00 11-Dec-04 0.00 0.00 18-Dec-04 0.00 0.00 25-Dec-04 0.00 0.00 1-Jan-05 0.00 0.00 8-Jan-05 0.00 0.00 15-Jan-05 0.00 0.00 22-Jan-05 0.00 0.00 29-Jan-05 0.00 0.00 5-Feb-05 0.00 0.00 12-Feb-05 0.00 0.00 19-Feb-05 0.00 0.00 26-Feb-05 0.00 0.00 5-Mar-05 0.00 0.00 12-Mar-05 0.00 0.00 19-Mar-05 0.00 0.00 26-Mar-05 0.00 0.00 2-Apr-05 0.00 0.00 9-Apr-05 0.00 0.00 16-Apr-05 0.00 0.00 23-Apr-05 0.00 0.00 30-Apr-05 0.00 0.00 7-May-05 0.00 0.00 14-May-05 0.00 0.00 21-May-05 0.00 0.00 28-May-05 0.00 0.00 4-Jun-05 0.00 0.00 11-Jun-05 0.00 0.00 18-Jun-05 0.00 0.00 25-Jun-05 0.00 0.00 2-Jul-05 0.00 0.00 9-Jul-05 0.00 0.00 16-Jul-05 0.00 0.00 23-Jul-05 0.00 0.00 30-Jul-05 0.00 0.00 6-Aug-05 0.00 0.00 13-Aug-05 0.00 0.00 20-Aug-05 0.00 0.00 27-Aug-05 0.00 0.00 3-Sep-05 0.00 0.00 10-Sep-05 0.00 0.00 17-Sep-05 0.00 0.00 24-Sep-05 0.00 0.00 1-Oct-05 0.00 0.00 8-Oct-05 0.00 0.00 15-Oct-05 0.00 0.00 22-Oct-05 0.00 0.00 29-Oct-05 0.00 0.00 5-Nov-05 0.00 0.00 12-Nov-05 0.00 0.00 19-Nov-05 0.00 0.00 26-Nov-05 0.00 0.00 3-Dec-05 0.00 0.00 10-Dec-05 0.00 0.00 17-Dec-05 0.00 0.00 24-Dec-05 0.00 0.00 31-Dec-05 0.00 0.00 7-Jan-06 0.00 0.00 14-Jan-06 0.00 0.00 





































































































